r_seed=1,   C[0],   C[1],   H[2],   H[3],  
Charges,    2.0653000000,    2.2552000000,    0.9991000000,    0.9999000000,  
Time[fs],  34.515000,  36.137000,  10.868000,  10.910000,  
Charge Sum,    6.3195000000, 
X Velocity[A/fs],  -0.202308,   0.193969,  -0.611730,   0.601427,  
Y Velocity[A/fs],  -0.005544,   0.013299,  -0.011102,   0.029718, 
Z Velocity[A/fs],   0.005076,  -0.007617,   0.019930,  -0.018774,  
Speed[A/fs],   0.202448,   0.194574,   0.612155,   0.602453,  
 
r_seed=2,   C[0],   C[1],   H[2],   H[3],  
Charges,    2.0653000000,    2.2552000000,    0.9991000000,    0.9999000000,  
Time[fs],  34.903000,  35.664000,  10.792000,  11.022000,  
Charge Sum,    6.3195000000, 
X Velocity[A/fs],  -0.200001,   0.195730,  -0.608896,   0.607752,  
Y Velocity[A/fs],  -0.000362,   0.003280,  -0.005015,  -0.014565, 
Z Velocity[A/fs],  -0.000996,  -0.006970,  -0.014717,   0.057907,  
Speed[A/fs],   0.200003,   0.195881,   0.609094,   0.610678,  
 
r_seed=3,   C[0],   C[1],   H[2],   H[3],  
Charges,    2.0653000000,    2.2552000000,    0.9991000000,    0.9999000000,  
Time[fs],  35.138000,  35.553000,  10.893000,  10.841000,  
Charge Sum,    6.3195000000, 
X Velocity[A/fs],  -0.199055,   0.197021,  -0.606731,   0.603668,  
Y Velocity[A/fs],   0.022396,  -0.014605,  -0.005138,   0.000269, 
Z Velocity[A/fs],  -0.006382,   0.011236,  -0.005987,   0.011381,  
Speed[A/fs],   0.200413,   0.197881,   0.606783,   0.603775,  
 
r_seed=4,   C[0],   C[1],   H[2],   H[3],  
Charges,    2.0653000000,    2.2552000000,    0.9991000000,    0.9999000000,  
Time[fs],  34.695000,  35.735000,  10.842000,  10.836000,  
Charge Sum,    6.3195000000, 
X Velocity[A/fs],  -0.201185,   0.195771,  -0.607065,   0.602756,  
Y Velocity[A/fs],   0.005172,  -0.009099,   0.010550,  -0.011132, 
Z Velocity[A/fs],   0.007323,  -0.003384,  -0.059978,  -0.037242,  
Speed[A/fs],   0.201385,   0.196011,   0.610112,   0.604008,  
 
r_seed=5,   C[0],   C[1],   H[2],   H[3],  
Charges,    2.0653000000,    2.2552000000,    0.9991000000,    0.9999000000,  
Time[fs],  35.303000,  35.409000,  10.933000,  10.963000,  
Charge Sum,    6.3195000000, 
X Velocity[A/fs],  -0.197978,   0.197351,  -0.609137,   0.610303,  
Y Velocity[A/fs],   0.002208,   0.008589,   0.022618,   0.011201, 
Z Velocity[A/fs],  -0.000982,  -0.007425,  -0.001179,   0.010652,  
Speed[A/fs],   0.197993,   0.197677,   0.609558,   0.610499,  
 
r_seed=6,   C[0],   C[1],   H[2],   H[3],  
Charges,    2.0653000000,    2.2552000000,    0.9991000000,    0.9999000000,  
Time[fs],  34.478000,  36.128000,  10.789000,  10.951000,  
Charge Sum,    6.3195000000, 
X Velocity[A/fs],  -0.202516,   0.193750,  -0.609737,   0.603003,  
Y Velocity[A/fs],   0.008605,  -0.002394,   0.033622,  -0.015340, 
Z Velocity[A/fs],   0.013863,  -0.007327,   0.021930,  -0.009192,  
Speed[A/fs],   0.203172,   0.193903,   0.611057,   0.603268,  
 
r_seed=7,   C[0],   C[1],   H[2],   H[3],  
Charges,    2.0653000000,    2.2552000000,    0.9991000000,    0.9999000000,  
Time[fs],  35.154000,  35.298000,  10.886000,  10.864000,  
Charge Sum,    6.3195000000, 
X Velocity[A/fs],  -0.198423,   0.197848,  -0.608070,   0.603723,  
Y Velocity[A/fs],  -0.005227,  -0.002480,   0.029095,   0.009758, 
Z Velocity[A/fs],   0.006134,  -0.012375,  -0.022510,   0.069050,  
Speed[A/fs],   0.198587,   0.198250,   0.609181,   0.607737,  
 
r_seed=8,   C[0],   C[1],   H[2],   H[3],  
Charges,    2.0653000000,    2.2552000000,    0.9991000000,    0.9999000000,  
Time[fs],  34.625000,  36.010000,  10.930000,  10.956000,  
Charge Sum,    6.3195000000, 
X Velocity[A/fs],  -0.202400,   0.195389,  -0.609768,   0.597871,  
Y Velocity[A/fs],  -0.003323,   0.001951,  -0.010653,  -0.062782, 
Z Velocity[A/fs],  -0.007981,   0.000726,   0.011716,  -0.022232,  
Speed[A/fs],   0.202585,   0.195400,   0.609973,   0.601569,  
 
r_seed=9,   C[0],   C[1],   H[2],   H[3],  
Charges,    2.0653000000,    2.2552000000,    0.9991000000,    0.9999000000,  
Time[fs],  34.992000,  35.767000,  10.921000,  10.961000,  
Charge Sum,    6.3195000000, 
X Velocity[A/fs],  -0.199575,   0.195486,  -0.609339,   0.607057,  
Y Velocity[A/fs],  -0.005314,   0.007402,  -0.037846,   0.006247, 
Z Velocity[A/fs],   0.016866,  -0.009949,  -0.025144,  -0.018880,  
Speed[A/fs],   0.200357,   0.195879,   0.611030,   0.607383,  
 
r_seed=10,   C[0],   C[1],   H[2],   H[3],  
Charges,    2.0653000000,    2.2552000000,    0.9991000000,    0.9999000000,  
Time[fs],  34.253000,  36.343000,  10.811000,  11.025000,  
Charge Sum,    6.3195000000, 
X Velocity[A/fs],  -0.204661,   0.193614,  -0.608087,   0.596312,  
Y Velocity[A/fs],   0.001497,   0.001322,  -0.035782,  -0.045456, 
Z Velocity[A/fs],   0.004024,  -0.011763,  -0.000178,   0.044028,  
Speed[A/fs],   0.204706,   0.193975,   0.609139,   0.599661,  
 
r_seed=11,   C[0],   C[1],   H[2],   H[3],  
Charges,    2.0653000000,    2.2552000000,    0.9991000000,    0.9999000000,  
Time[fs],  34.605000,  35.818000,  10.881000,  10.784000,  
Charge Sum,    6.3195000000, 
X Velocity[A/fs],  -0.201504,   0.195371,  -0.609584,   0.602767,  
Y Velocity[A/fs],   0.002183,  -0.004021,  -0.013114,  -0.001893, 
Z Velocity[A/fs],  -0.005211,  -0.004929,   0.055736,   0.002008,  
Speed[A/fs],   0.201583,   0.195474,   0.612267,   0.602773,  
 
r_seed=12,   C[0],   C[1],   H[2],   H[3],  
Charges,    2.0653000000,    2.2552000000,    0.9991000000,    0.9999000000,  
Time[fs],  34.978000,  35.661000,  10.825000,  10.964000,  
Charge Sum,    6.3195000000, 
X Velocity[A/fs],  -0.199721,   0.195953,  -0.607418,   0.606411,  
Y Velocity[A/fs],   0.000896,   0.004207,  -0.012754,   0.037166, 
Z Velocity[A/fs],   0.016222,  -0.012647,  -0.022382,  -0.031170,  
Speed[A/fs],   0.200381,   0.196406,   0.607964,   0.608348,  
 
r_seed=13,   C[0],   C[1],   H[2],   H[3],  
Charges,    2.0653000000,    2.2552000000,    0.9991000000,    0.9999000000,  
Time[fs],  34.840000,  35.934000,  10.999000,  10.962000,  
Charge Sum,    6.3195000000, 
X Velocity[A/fs],  -0.200889,   0.195448,  -0.611886,   0.601878,  
Y Velocity[A/fs],   0.000962,   0.006340,  -0.012427,  -0.025651, 
Z Velocity[A/fs],   0.001704,  -0.012007,   0.039207,   0.023002,  
Speed[A/fs],   0.200899,   0.195919,   0.613267,   0.602863,  
 
r_seed=14,   C[0],   C[1],   H[2],   H[3],  
Charges,    2.0653000000,    2.2552000000,    0.9991000000,    0.9999000000,  
Time[fs],  34.837000,  35.580000,  10.819000,  10.823000,  
Charge Sum,    6.3195000000, 
X Velocity[A/fs],  -0.200100,   0.196304,  -0.609291,   0.604315,  
Y Velocity[A/fs],   0.007939,  -0.008934,   0.004210,   0.033418, 
Z Velocity[A/fs],  -0.000638,  -0.009600,  -0.028221,  -0.003519,  
Speed[A/fs],   0.200258,   0.196742,   0.609959,   0.605248,  
 
r_seed=15,   C[0],   C[1],   H[2],   H[3],  
Charges,    2.0653000000,    2.2552000000,    0.9991000000,    0.9999000000,  
Time[fs],  34.609000,  36.191000,  10.895000,  11.041000,  
Charge Sum,    6.3195000000, 
X Velocity[A/fs],  -0.202319,   0.194062,  -0.610323,   0.600630,  
Y Velocity[A/fs],   0.011914,  -0.007170,   0.002116,  -0.015350, 
Z Velocity[A/fs],   0.012472,  -0.005865,  -0.002509,  -0.056523,  
Speed[A/fs],   0.203053,   0.194283,   0.610331,   0.603479,  
 
r_seed=16,   C[0],   C[1],   H[2],   H[3],  
Charges,    2.0653000000,    2.2552000000,    0.9991000000,    0.9999000000,  
Time[fs],  34.534000,  36.086000,  10.784000,  10.958000,  
Charge Sum,    6.3195000000, 
X Velocity[A/fs],  -0.202018,   0.193711,  -0.609569,   0.604340,  
Y Velocity[A/fs],  -0.019026,   0.009409,   0.023923,   0.012488, 
Z Velocity[A/fs],   0.001239,  -0.008989,   0.017035,   0.012045,  
Speed[A/fs],   0.202916,   0.194148,   0.610276,   0.604589,  
 
r_seed=17,   C[0],   C[1],   H[2],   H[3],  
Charges,    2.0653000000,    2.2552000000,    0.9991000000,    0.9999000000,  
Time[fs],  35.752000,  34.783000,  10.985000,  10.786000,  
Charge Sum,    6.3195000000, 
X Velocity[A/fs],  -0.195097,   0.200392,  -0.607546,   0.610556,  
Y Velocity[A/fs],  -0.006976,   0.003098,   0.037876,  -0.019876, 
Z Velocity[A/fs],  -0.003537,  -0.000366,  -0.020797,  -0.018190,  
Speed[A/fs],   0.195254,   0.200417,   0.609081,   0.611150,  
 
r_seed=18,   C[0],   C[1],   H[2],   H[3],  
Charges,    2.0653000000,    2.2552000000,    0.9991000000,    0.9999000000,  
Time[fs],  35.147000,  35.271000,  10.870000,  10.792000,  
Charge Sum,    6.3195000000, 
X Velocity[A/fs],  -0.199040,   0.198688,  -0.605717,   0.600798,  
Y Velocity[A/fs],  -0.002528,  -0.004633,   0.009498,   0.008035, 
Z Velocity[A/fs],   0.009026,  -0.013048,   0.019576,   0.066147,  
Speed[A/fs],   0.199260,   0.199170,   0.606108,   0.604482,  
 
r_seed=19,   C[0],   C[1],   H[2],   H[3],  
Charges,    2.0653000000,    2.2552000000,    0.9991000000,    0.9999000000,  
Time[fs],  34.847000,  35.818000,  10.916000,  10.948000,  
Charge Sum,    6.3195000000, 
X Velocity[A/fs],  -0.200136,   0.195128,  -0.611746,   0.606088,  
Y Velocity[A/fs],  -0.003674,   0.004349,  -0.042246,   0.003298, 
Z Velocity[A/fs],  -0.003793,   0.009753,  -0.024160,  -0.031027,  
Speed[A/fs],   0.200206,   0.195420,   0.613679,   0.606890,  
 
r_seed=20,   C[0],   C[1],   H[2],   H[3],  
Charges,    2.0653000000,    2.2552000000,    0.9991000000,    0.9999000000,  
Time[fs],  34.361000,  36.134000,  10.771000,  10.956000,  
Charge Sum,    6.3195000000, 
X Velocity[A/fs],  -0.203561,   0.194051,  -0.607577,   0.600905,  
Y Velocity[A/fs],   0.001043,   0.003544,  -0.046894,   0.000068, 
Z Velocity[A/fs],  -0.004912,  -0.006137,   0.012167,  -0.040988,  
Speed[A/fs],   0.203623,   0.194181,   0.609505,   0.602301,  
 
r_seed=21,   C[0],   C[1],   H[2],   H[3],  
Charges,    2.0653000000,    2.2552000000,    0.9991000000,    0.9999000000,  
Time[fs],  34.814000,  35.780000,  10.906000,  10.904000,  
Charge Sum,    6.3195000000, 
X Velocity[A/fs],  -0.200317,   0.195468,  -0.610943,   0.602728,  
Y Velocity[A/fs],   0.001195,  -0.002721,   0.032589,   0.009189, 
Z Velocity[A/fs],   0.011057,  -0.013466,  -0.027734,   0.053412,  
Speed[A/fs],   0.200626,   0.195950,   0.612440,   0.605160,  
 
r_seed=22,   C[0],   C[1],   H[2],   H[3],  
Charges,    2.0653000000,    2.2552000000,    0.9991000000,    0.9999000000,  
Time[fs],  34.029000,  36.772000,  10.764000,  11.057000,  
Charge Sum,    6.3195000000, 
X Velocity[A/fs],  -0.205511,   0.190951,  -0.611146,   0.599428,  
Y Velocity[A/fs],   0.013801,  -0.014239,  -0.013950,  -0.002531, 
Z Velocity[A/fs],  -0.006431,   0.010792,  -0.006727,  -0.011670,  
Speed[A/fs],   0.206074,   0.191785,   0.611342,   0.599546,  
 
r_seed=23,   C[0],   C[1],   H[2],   H[3],  
Charges,    2.0653000000,    2.2552000000,    0.9991000000,    0.9999000000,  
Time[fs],  35.180000,  35.498000,  10.944000,  10.947000,  
Charge Sum,    6.3195000000, 
X Velocity[A/fs],  -0.198945,   0.197475,  -0.607845,   0.601981,  
Y Velocity[A/fs],   0.000849,   0.008237,  -0.013424,   0.034409, 
Z Velocity[A/fs],  -0.010805,   0.016124,   0.013325,  -0.060806,  
Speed[A/fs],   0.199240,   0.198303,   0.608139,   0.606021,  
 
r_seed=24,   C[0],   C[1],   H[2],   H[3],  
Charges,    2.0653000000,    2.2552000000,    0.9991000000,    0.9999000000,  
Time[fs],  35.058000,  35.245000,  10.781000,  10.804000,  
Charge Sum,    6.3195000000, 
X Velocity[A/fs],  -0.198842,   0.197749,  -0.605970,   0.607581,  
Y Velocity[A/fs],   0.009396,  -0.001426,  -0.010751,  -0.015149, 
Z Velocity[A/fs],   0.006006,   0.003023,  -0.045390,   0.009711,  
Speed[A/fs],   0.199155,   0.197777,   0.607763,   0.607847,  
 
r_seed=25,   C[0],   C[1],   H[2],   H[3],  
Charges,    2.0653000000,    2.2552000000,    0.9991000000,    0.9999000000,  
Time[fs],  34.530000,  36.323000,  10.880000,  11.104000,  
Charge Sum,    6.3195000000, 
X Velocity[A/fs],  -0.202863,   0.193330,  -0.610271,   0.602937,  
Y Velocity[A/fs],  -0.012464,   0.000009,   0.008394,   0.030067, 
Z Velocity[A/fs],  -0.007752,   0.012222,   0.012534,  -0.023388,  
Speed[A/fs],   0.203393,   0.193716,   0.610458,   0.604139,  
 
r_seed=26,   C[0],   C[1],   H[2],   H[3],  
Charges,    2.0653000000,    2.2552000000,    0.9991000000,    0.9999000000,  
Time[fs],  34.415000,  36.071000,  10.777000,  10.939000,  
Charge Sum,    6.3195000000, 
X Velocity[A/fs],  -0.202630,   0.193740,  -0.609240,   0.604359,  
Y Velocity[A/fs],  -0.000881,  -0.008306,   0.006783,  -0.014530, 
Z Velocity[A/fs],   0.007969,   0.000414,  -0.050733,   0.014099,  
Speed[A/fs],   0.202789,   0.193919,   0.611386,   0.604699,  
 
r_seed=27,   C[0],   C[1],   H[2],   H[3],  
Charges,    2.0653000000,    2.2552000000,    0.9991000000,    0.9999000000,  
Time[fs],  34.540000,  36.191000,  10.920000,  10.931000,  
Charge Sum,    6.3195000000, 
X Velocity[A/fs],  -0.202283,   0.193865,  -0.612717,   0.601566,  
Y Velocity[A/fs],  -0.010299,   0.011046,   0.020704,   0.015530, 
Z Velocity[A/fs],   0.002535,   0.008917,  -0.013941,   0.002833,  
Speed[A/fs],   0.202561,   0.194384,   0.613226,   0.601773,  
 
r_seed=28,   C[0],   C[1],   H[2],   H[3],  
Charges,    2.0653000000,    2.2552000000,    0.9991000000,    0.9999000000,  
Time[fs],  35.147000,  35.312000,  10.870000,  10.777000,  
Charge Sum,    6.3195000000, 
X Velocity[A/fs],  -0.198890,   0.198228,  -0.605202,   0.602660,  
Y Velocity[A/fs],  -0.004690,   0.002537,   0.030003,  -0.035207, 
Z Velocity[A/fs],  -0.011610,   0.018578,   0.024598,  -0.027746,  
Speed[A/fs],   0.199284,   0.199113,   0.606444,   0.604325,  
 
r_seed=29,   C[0],   C[1],   H[2],   H[3],  
Charges,    2.0653000000,    2.2552000000,    0.9991000000,    0.9999000000,  
Time[fs],  35.124000,  35.400000,  10.909000,  10.881000,  
Charge Sum,    6.3195000000, 
X Velocity[A/fs],  -0.198529,   0.197073,  -0.608387,   0.608692,  
Y Velocity[A/fs],  -0.000903,  -0.005398,   0.052713,   0.009370, 
Z Velocity[A/fs],   0.005043,   0.004448,  -0.020436,   0.016932,  
Speed[A/fs],   0.198595,   0.197198,   0.611009,   0.608999,  
 
r_seed=30,   C[0],   C[1],   H[2],   H[3],  
Charges,    2.0653000000,    2.2552000000,    0.9991000000,    0.9999000000,  
Time[fs],  34.493000,  35.987000,  10.759000,  10.914000,  
Charge Sum,    6.3195000000, 
X Velocity[A/fs],  -0.202588,   0.194666,  -0.608454,   0.600909,  
Y Velocity[A/fs],  -0.002144,   0.011805,   0.024306,  -0.033040, 
Z Velocity[A/fs],  -0.001454,   0.014033,   0.001826,  -0.010540,  
Speed[A/fs],   0.202605,   0.195528,   0.608942,   0.601909,  
 
r_seed=31,   C[0],   C[1],   H[2],   H[3],  
Charges,    2.0653000000,    2.2552000000,    0.9991000000,    0.9999000000,  
Time[fs],  35.119000,  35.378000,  10.936000,  10.835000,  
Charge Sum,    6.3195000000, 
X Velocity[A/fs],  -0.198630,   0.197519,  -0.608950,   0.604778,  
Y Velocity[A/fs],   0.005047,   0.001307,  -0.028002,  -0.000524, 
Z Velocity[A/fs],  -0.003376,   0.007973,  -0.044907,  -0.049971,  
Speed[A/fs],   0.198723,   0.197684,   0.611245,   0.606839,  
 
r_seed=32,   C[0],   C[1],   H[2],   H[3],  
Charges,    2.0653000000,    2.2552000000,    0.9991000000,    0.9999000000,  
Time[fs],  34.373000,  36.279000,  10.813000,  11.088000,  
Charge Sum,    6.3195000000, 
X Velocity[A/fs],  -0.203685,   0.193532,  -0.608983,   0.598940,  
Y Velocity[A/fs],   0.005721,  -0.008707,  -0.031447,   0.073475, 
Z Velocity[A/fs],   0.002233,   0.005622,  -0.008184,   0.009743,  
Speed[A/fs],   0.203778,   0.193810,   0.609850,   0.603509,  
 
r_seed=33,   C[0],   C[1],   H[2],   H[3],  
Charges,    2.0653000000,    2.2552000000,    0.9991000000,    0.9999000000,  
Time[fs],  35.113000,  35.548000,  10.983000,  10.897000,  
Charge Sum,    6.3195000000, 
X Velocity[A/fs],  -0.199157,   0.196932,  -0.605400,   0.605098,  
Y Velocity[A/fs],   0.017052,  -0.010856,  -0.058990,  -0.009084, 
Z Velocity[A/fs],  -0.002219,   0.006303,   0.045243,  -0.024409,  
Speed[A/fs],   0.199898,   0.197332,   0.609947,   0.605658,  
 
r_seed=34,   C[0],   C[1],   H[2],   H[3],  
Charges,    2.0653000000,    2.2552000000,    0.9991000000,    0.9999000000,  
Time[fs],  34.338000,  36.237000,  10.749000,  10.942000,  
Charge Sum,    6.3195000000, 
X Velocity[A/fs],  -0.203412,   0.193352,  -0.609742,   0.600366,  
Y Velocity[A/fs],  -0.013195,   0.007589,  -0.003650,   0.041120, 
Z Velocity[A/fs],  -0.008132,   0.008671,  -0.015681,   0.017834,  
Speed[A/fs],   0.204001,   0.193695,   0.609955,   0.602037,  
 
r_seed=35,   C[0],   C[1],   H[2],   H[3],  
Charges,    2.0653000000,    2.2552000000,    0.9991000000,    0.9999000000,  
Time[fs],  34.510000,  36.281000,  10.855000,  11.079000,  
Charge Sum,    6.3195000000, 
X Velocity[A/fs],  -0.202453,   0.193027,  -0.612528,   0.605778,  
Y Velocity[A/fs],  -0.004998,   0.004910,  -0.009497,  -0.032597, 
Z Velocity[A/fs],   0.006082,   0.000773,   0.012929,   0.016283,  
Speed[A/fs],   0.202606,   0.193091,   0.612738,   0.606873,  
 
r_seed=36,   C[0],   C[1],   H[2],   H[3],  
Charges,    2.0653000000,    2.2552000000,    0.9991000000,    0.9999000000,  
Time[fs],  34.624000,  35.780000,  10.759000,  10.913000,  
Charge Sum,    6.3195000000, 
X Velocity[A/fs],  -0.201124,   0.194977,  -0.610583,   0.604441,  
Y Velocity[A/fs],  -0.001567,  -0.007849,   0.001167,   0.033553, 
Z Velocity[A/fs],  -0.001075,   0.008065,  -0.020667,  -0.036807,  
Speed[A/fs],   0.201133,   0.195302,   0.610933,   0.606490,  
 
r_seed=37,   C[0],   C[1],   H[2],   H[3],  
Charges,    2.0653000000,    2.2552000000,    0.9991000000,    0.9999000000,  
Time[fs],  34.691000,  35.982000,  10.904000,  10.866000,  
Charge Sum,    6.3195000000, 
X Velocity[A/fs],  -0.201301,   0.194835,  -0.611409,   0.601115,  
Y Velocity[A/fs],  -0.006047,   0.007937,   0.016402,  -0.028662, 
Z Velocity[A/fs],  -0.013069,   0.014715,  -0.002406,   0.021590,  
Speed[A/fs],   0.201816,   0.195551,   0.611633,   0.602185,  
 
r_seed=38,   C[0],   C[1],   H[2],   H[3],  
Charges,    2.0653000000,    2.2552000000,    0.9991000000,    0.9999000000,  
Time[fs],  34.904000,  35.557000,  10.721000,  10.970000,  
Charge Sum,    6.3195000000, 
X Velocity[A/fs],  -0.200378,   0.196446,  -0.604969,   0.608222,  
Y Velocity[A/fs],  -0.001806,   0.003061,   0.009489,   0.016997, 
Z Velocity[A/fs],   0.000602,   0.004183,   0.050455,  -0.002260,  
Speed[A/fs],   0.200387,   0.196514,   0.607143,   0.608463,  
 
r_seed=39,   C[0],   C[1],   H[2],   H[3],  
Charges,    2.0653000000,    2.2552000000,    0.9991000000,    0.9999000000,  
Time[fs],  33.988000,  36.815000,  10.839000,  11.074000,  
Charge Sum,    6.3195000000, 
X Velocity[A/fs],  -0.205709,   0.190874,  -0.613363,   0.599001,  
Y Velocity[A/fs],   0.001638,  -0.001134,   0.023567,  -0.029511, 
Z Velocity[A/fs],  -0.003552,   0.010650,  -0.025979,  -0.016116,  
Speed[A/fs],   0.205746,   0.191174,   0.614365,   0.599944,  
 
r_seed=40,   C[0],   C[1],   H[2],   H[3],  
Charges,    2.0653000000,    2.2552000000,    0.9991000000,    0.9999000000,  
Time[fs],  34.835000,  35.667000,  10.789000,  10.872000,  
Charge Sum,    6.3195000000, 
X Velocity[A/fs],  -0.200438,   0.195966,  -0.606477,   0.604204,  
Y Velocity[A/fs],   0.008562,  -0.014439,   0.040198,   0.012654, 
Z Velocity[A/fs],  -0.012795,   0.006998,   0.024333,   0.023211,  
Speed[A/fs],   0.201028,   0.196622,   0.608294,   0.604782,  
 
r_seed=41,   C[0],   C[1],   H[2],   H[3],  
Charges,    2.0653000000,    2.2552000000,    0.9991000000,    0.9999000000,  
Time[fs],  34.921000,  35.608000,  10.900000,  10.878000,  
Charge Sum,    6.3195000000, 
X Velocity[A/fs],  -0.199906,   0.196426,  -0.609306,   0.604736,  
Y Velocity[A/fs],   0.003950,   0.010179,   0.042115,  -0.024562, 
Z Velocity[A/fs],   0.002068,   0.003917,  -0.022701,  -0.009309,  
Speed[A/fs],   0.199956,   0.196729,   0.611181,   0.605306,  
 
r_seed=42,   C[0],   C[1],   H[2],   H[3],  
Charges,    2.0653000000,    2.2552000000,    0.9991000000,    0.9999000000,  
Time[fs],  34.220000,  36.413000,  10.768000,  11.043000,  
Charge Sum,    6.3195000000, 
X Velocity[A/fs],  -0.204012,   0.192236,  -0.610073,   0.602695,  
Y Velocity[A/fs],   0.011822,  -0.001541,  -0.044228,  -0.000309, 
Z Velocity[A/fs],  -0.005537,   0.007512,   0.002763,  -0.039493,  
Speed[A/fs],   0.204429,   0.192389,   0.611680,   0.603988,  
 
r_seed=43,   C[0],   C[1],   H[2],   H[3],  
Charges,    2.0653000000,    2.2552000000,    0.9991000000,    0.9999000000,  
Time[fs],  35.384000,  35.239000,  10.940000,  10.863000,  
Charge Sum,    6.3195000000, 
X Velocity[A/fs],  -0.197487,   0.198351,  -0.606852,   0.606968,  
Y Velocity[A/fs],  -0.009871,  -0.000646,  -0.032178,   0.019427, 
Z Velocity[A/fs],  -0.014608,   0.008495,   0.026427,   0.028509,  
Speed[A/fs],   0.198273,   0.198534,   0.608278,   0.607947,  
 
r_seed=44,   C[0],   C[1],   H[2],   H[3],  
Charges,    2.0653000000,    2.2552000000,    0.9991000000,    0.9999000000,  
Time[fs],  34.394000,  36.018000,  10.770000,  10.859000,  
Charge Sum,    6.3195000000, 
X Velocity[A/fs],  -0.203135,   0.194598,  -0.608761,   0.600630,  
Y Velocity[A/fs],  -0.006732,  -0.005857,  -0.021870,  -0.005876, 
Z Velocity[A/fs],   0.003315,   0.001898,  -0.025964,  -0.026927,  
Speed[A/fs],   0.203273,   0.194695,   0.609706,   0.601262,  
 
r_seed=45,   C[0],   C[1],   H[2],   H[3],  
Charges,    2.0653000000,    2.2552000000,    0.9991000000,    0.9999000000,  
Time[fs],  34.971000,  35.654000,  10.881000,  10.970000,  
Charge Sum,    6.3195000000, 
X Velocity[A/fs],  -0.199849,   0.196170,  -0.607381,   0.605429,  
Y Velocity[A/fs],  -0.005302,   0.008792,  -0.039916,   0.049179, 
Z Velocity[A/fs],  -0.007398,   0.004226,   0.030914,   0.030617,  
Speed[A/fs],   0.200056,   0.196412,   0.609476,   0.608194,  
 
r_seed=46,   C[0],   C[1],   H[2],   H[3],  
Charges,    2.0653000000,    2.2552000000,    0.9991000000,    0.9999000000,  
Time[fs],  33.844000,  36.845000,  10.746000,  11.015000,  
Charge Sum,    6.3195000000, 
X Velocity[A/fs],  -0.206341,   0.190483,  -0.612644,   0.598607,  
Y Velocity[A/fs],  -0.002156,   0.001659,  -0.004883,  -0.019070, 
Z Velocity[A/fs],  -0.010098,   0.009360,  -0.030241,   0.003902,  
Speed[A/fs],   0.206599,   0.190720,   0.613410,   0.598923,  
 
r_seed=47,   C[0],   C[1],   H[2],   H[3],  
Charges,    2.0653000000,    2.2552000000,    0.9991000000,    0.9999000000,  
Time[fs],  34.600000,  35.920000,  10.882000,  10.852000,  
Charge Sum,    6.3195000000, 
X Velocity[A/fs],  -0.201490,   0.194929,  -0.613231,   0.600713,  
Y Velocity[A/fs],   0.002531,  -0.009888,  -0.004334,   0.047627, 
Z Velocity[A/fs],   0.001965,   0.004348,   0.002988,  -0.022135,  
Speed[A/fs],   0.201515,   0.195228,   0.613254,   0.603004,  
 
r_seed=48,   C[0],   C[1],   H[2],   H[3],  
Charges,    2.0653000000,    2.2552000000,    0.9991000000,    0.9999000000,  
Time[fs],  34.827000,  35.650000,  10.745000,  10.956000,  
Charge Sum,    6.3195000000, 
X Velocity[A/fs],  -0.200757,   0.196139,  -0.605633,   0.604082,  
Y Velocity[A/fs],  -0.002617,   0.013303,   0.007315,  -0.039390, 
Z Velocity[A/fs],  -0.010312,   0.006321,   0.039499,   0.030104,  
Speed[A/fs],   0.201039,   0.196691,   0.606963,   0.606113,  
 
r_seed=49,   C[0],   C[1],   H[2],   H[3],  
Charges,    2.0653000000,    2.2552000000,    0.9991000000,    0.9999000000,  
Time[fs],  34.274000,  36.399000,  10.829000,  10.988000,  
Charge Sum,    6.3195000000, 
X Velocity[A/fs],  -0.203528,   0.192388,  -0.613201,   0.602645,  
Y Velocity[A/fs],   0.004113,   0.003156,   0.000069,   0.017422, 
Z Velocity[A/fs],   0.013460,  -0.001365,  -0.019235,  -0.010111,  
Speed[A/fs],   0.204014,   0.192419,   0.613503,   0.602981,  
 
r_seed=50,   C[0],   C[1],   H[2],   H[3],  
Charges,    2.0653000000,    2.2552000000,    0.9991000000,    0.9999000000,  
Time[fs],  34.822000,  35.588000,  10.760000,  10.879000,  
Charge Sum,    6.3195000000, 
X Velocity[A/fs],  -0.200381,   0.196296,  -0.608046,   0.603564,  
Y Velocity[A/fs],   0.013943,  -0.004138,   0.013722,  -0.039541, 
Z Velocity[A/fs],   0.000389,   0.005258,   0.010859,  -0.036561,  
Speed[A/fs],   0.200866,   0.196410,   0.608297,   0.605962,  
 
r_seed=51,   C[0],   C[1],   H[2],   H[3],  
Charges,    2.0653000000,    2.2552000000,    0.9991000000,    0.9999000000,  
Time[fs],  34.399000,  36.125000,  10.867000,  10.827000,  
Charge Sum,    6.3195000000, 
X Velocity[A/fs],  -0.202842,   0.194053,  -0.611578,   0.600579,  
Y Velocity[A/fs],   0.005489,  -0.007042,   0.022584,   0.006552, 
Z Velocity[A/fs],  -0.004096,   0.002392,  -0.039634,   0.017265,  
Speed[A/fs],   0.202957,   0.194195,   0.613277,   0.600862,  
 
r_seed=52,   C[0],   C[1],   H[2],   H[3],  
Charges,    2.0653000000,    2.2552000000,    0.9991000000,    0.9999000000,  
Time[fs],  34.683000,  35.917000,  10.838000,  10.962000,  
Charge Sum,    6.3195000000, 
X Velocity[A/fs],  -0.201352,   0.194713,  -0.607061,   0.604082,  
Y Velocity[A/fs],  -0.015456,   0.012432,   0.058757,  -0.036152, 
Z Velocity[A/fs],   0.008958,  -0.000751,   0.003038,  -0.005412,  
Speed[A/fs],   0.202143,   0.195111,   0.609905,   0.605187,  
 
r_seed=53,   C[0],   C[1],   H[2],   H[3],  
Charges,    2.0653000000,    2.2552000000,    0.9991000000,    0.9999000000,  
Time[fs],  35.844000,  34.593000,  10.942000,  10.693000,  
Charge Sum,    6.3195000000, 
X Velocity[A/fs],  -0.194593,   0.201459,  -0.605677,   0.609740,  
Y Velocity[A/fs],  -0.014504,   0.005625,   0.021925,   0.006814, 
Z Velocity[A/fs],   0.001216,   0.001420,  -0.001237,  -0.021310,  
Speed[A/fs],   0.195136,   0.201542,   0.606075,   0.610150,  
 
r_seed=54,   C[0],   C[1],   H[2],   H[3],  
Charges,    2.0653000000,    2.2552000000,    0.9991000000,    0.9999000000,  
Time[fs],  34.274000,  36.136000,  10.732000,  10.858000,  
Charge Sum,    6.3195000000, 
X Velocity[A/fs],  -0.203548,   0.193745,  -0.609923,   0.600487,  
Y Velocity[A/fs],   0.001414,  -0.009411,  -0.028065,   0.024509, 
Z Velocity[A/fs],  -0.009033,   0.004066,  -0.006965,   0.012951,  
Speed[A/fs],   0.203753,   0.194016,   0.610608,   0.601127,  
 
r_seed=55,   C[0],   C[1],   H[2],   H[3],  
Charges,    2.0653000000,    2.2552000000,    0.9991000000,    0.9999000000,  
Time[fs],  35.615000,  34.969000,  10.926000,  10.815000,  
Charge Sum,    6.3195000000, 
X Velocity[A/fs],  -0.195780,   0.199290,  -0.608121,   0.610023,  
Y Velocity[A/fs],  -0.004985,   0.007188,  -0.008076,   0.026577, 
Z Velocity[A/fs],   0.012683,  -0.010526,  -0.006651,  -0.017700,  
Speed[A/fs],   0.196254,   0.199698,   0.608211,   0.610858,  
 
r_seed=56,   C[0],   C[1],   H[2],   H[3],  
Charges,    2.0653000000,    2.2552000000,    0.9991000000,    0.9999000000,  
Time[fs],  34.124000,  36.380000,  10.752000,  10.968000,  
Charge Sum,    6.3195000000, 
X Velocity[A/fs],  -0.204300,   0.192388,  -0.611965,   0.600129,  
Y Velocity[A/fs],  -0.000302,   0.001758,  -0.028457,   0.048128, 
Z Velocity[A/fs],   0.001072,  -0.000915,  -0.016723,   0.031918,  
Speed[A/fs],   0.204303,   0.192398,   0.612854,   0.602901,  
 
r_seed=57,   C[0],   C[1],   H[2],   H[3],  
Charges,    2.0653000000,    2.2552000000,    0.9991000000,    0.9999000000,  
Time[fs],  34.757000,  35.777000,  10.873000,  10.844000,  
Charge Sum,    6.3195000000, 
X Velocity[A/fs],  -0.200461,   0.195349,  -0.612013,   0.603777,  
Y Velocity[A/fs],   0.002874,  -0.001005,  -0.008635,  -0.036348, 
Z Velocity[A/fs],  -0.014997,   0.006193,   0.011389,  -0.001031,  
Speed[A/fs],   0.201042,   0.195449,   0.612180,   0.604871,  
 
r_seed=58,   C[0],   C[1],   H[2],   H[3],  
Charges,    2.0653000000,    2.2552000000,    0.9991000000,    0.9999000000,  
Time[fs],  34.514000,  35.951000,  10.800000,  10.884000,  
Charge Sum,    6.3195000000, 
X Velocity[A/fs],  -0.202874,   0.195161,  -0.604366,   0.600748,  
Y Velocity[A/fs],   0.007757,  -0.010688,  -0.004385,  -0.018712, 
Z Velocity[A/fs],   0.009970,  -0.002177,  -0.065451,   0.000529,  
Speed[A/fs],   0.203267,   0.195466,   0.607916,   0.601040,  
 
r_seed=59,   C[0],   C[1],   H[2],   H[3],  
Charges,    2.0653000000,    2.2552000000,    0.9991000000,    0.9999000000,  
Time[fs],  34.376000,  36.196000,  10.816000,  10.971000,  
Charge Sum,    6.3195000000, 
X Velocity[A/fs],  -0.202824,   0.193324,  -0.612828,   0.601539,  
Y Velocity[A/fs],   0.010075,   0.002628,  -0.000879,  -0.042028, 
Z Velocity[A/fs],   0.000671,  -0.001613,  -0.013957,   0.035863,  
Speed[A/fs],   0.203075,   0.193349,   0.612987,   0.604071,  
 
r_seed=60,   C[0],   C[1],   H[2],   H[3],  
Charges,    2.0653000000,    2.2552000000,    0.9991000000,    0.9999000000,  
Time[fs],  35.220000,  35.091000,  10.809000,  10.760000,  
Charge Sum,    6.3195000000, 
X Velocity[A/fs],  -0.198000,   0.198671,  -0.605204,   0.607505,  
Y Velocity[A/fs],   0.003216,  -0.000272,   0.016639,   0.016172, 
Z Velocity[A/fs],  -0.014092,   0.004172,   0.040881,  -0.005168,  
Speed[A/fs],   0.198527,   0.198715,   0.606811,   0.607743,  
 
r_seed=61,   C[0],   C[1],   H[2],   H[3],  
Charges,    2.0653000000,    2.2552000000,    0.9991000000,    0.9999000000,  
Time[fs],  34.180000,  36.549000,  10.829000,  11.054000,  
Charge Sum,    6.3195000000, 
X Velocity[A/fs],  -0.204204,   0.191735,  -0.613491,   0.601828,  
Y Velocity[A/fs],  -0.006929,   0.000744,   0.013326,  -0.027979, 
Z Velocity[A/fs],   0.006954,  -0.000700,  -0.022587,  -0.035701,  
Speed[A/fs],   0.204440,   0.191738,   0.614051,   0.603535,  
 
r_seed=62,   C[0],   C[1],   H[2],   H[3],  
Charges,    2.0653000000,    2.2552000000,    0.9991000000,    0.9999000000,  
Time[fs],  34.818000,  35.535000,  10.716000,  10.892000,  
Charge Sum,    6.3195000000, 
X Velocity[A/fs],  -0.200427,   0.196376,  -0.607003,   0.606410,  
Y Velocity[A/fs],  -0.006246,  -0.009984,   0.026883,   0.012016, 
Z Velocity[A/fs],  -0.000743,  -0.001143,   0.008039,   0.019730,  
Speed[A/fs],   0.200525,   0.196633,   0.607652,   0.606850,  
 
r_seed=63,   C[0],   C[1],   H[2],   H[3],  
Charges,    2.0653000000,    2.2552000000,    0.9991000000,    0.9999000000,  
Time[fs],  34.931000,  35.682000,  10.905000,  10.905000,  
Charge Sum,    6.3195000000, 
X Velocity[A/fs],  -0.200238,   0.196419,  -0.607171,   0.601959,  
Y Velocity[A/fs],  -0.008643,   0.016076,   0.044700,  -0.042997, 
Z Velocity[A/fs],  -0.011550,   0.003941,  -0.017546,  -0.012708,  
Speed[A/fs],   0.200757,   0.197115,   0.609067,   0.603627,  
 
r_seed=64,   C[0],   C[1],   H[2],   H[3],  
Charges,    2.0653000000,    2.2552000000,    0.9991000000,    0.9999000000,  
Time[fs],  34.496000,  35.882000,  10.781000,  10.874000,  
Charge Sum,    6.3195000000, 
X Velocity[A/fs],  -0.202288,   0.194894,  -0.606757,   0.602234,  
Y Velocity[A/fs],  -0.005147,   0.000778,   0.065149,  -0.002544, 
Z Velocity[A/fs],   0.006805,  -0.006238,  -0.013596,   0.039743,  
Speed[A/fs],   0.202468,   0.194995,   0.610396,   0.603549,  
 
r_seed=65,   C[0],   C[1],   H[2],   H[3],  
Charges,    2.0653000000,    2.2552000000,    0.9991000000,    0.9999000000,  
Time[fs],  35.182000,  35.442000,  10.933000,  10.951000,  
Charge Sum,    6.3195000000, 
X Velocity[A/fs],  -0.198455,   0.196990,  -0.607453,   0.609220,  
Y Velocity[A/fs],   0.003156,  -0.008087,  -0.026776,   0.031943, 
Z Velocity[A/fs],  -0.003417,  -0.001946,   0.057718,   0.010129,  
Speed[A/fs],   0.198510,   0.197166,   0.610777,   0.610141,  
 
r_seed=66,   C[0],   C[1],   H[2],   H[3],  
Charges,    2.0653000000,    2.2552000000,    0.9991000000,    0.9999000000,  
Time[fs],  34.246000,  36.287000,  10.771000,  10.938000,  
Charge Sum,    6.3195000000, 
X Velocity[A/fs],  -0.203590,   0.192823,  -0.611753,   0.602142,  
Y Velocity[A/fs],   0.002181,   0.008587,  -0.025070,  -0.008331, 
Z Velocity[A/fs],  -0.009332,   0.002262,  -0.016617,  -0.019131,  
Speed[A/fs],   0.203815,   0.193027,   0.612492,   0.602503,  
 
r_seed=67,   C[0],   C[1],   H[2],   H[3],  
Charges,    2.0653000000,    2.2552000000,    0.9991000000,    0.9999000000,  
Time[fs],  35.196000,  35.190000,  10.893000,  10.771000,  
Charge Sum,    6.3195000000, 
X Velocity[A/fs],  -0.198209,   0.198548,  -0.607984,   0.604153,  
Y Velocity[A/fs],   0.002774,   0.002030,  -0.028454,   0.051911, 
Z Velocity[A/fs],   0.004336,  -0.004605,   0.011364,   0.032744,  
Speed[A/fs],   0.198276,   0.198612,   0.608756,   0.607262,  
 
r_seed=68,   C[0],   C[1],   H[2],   H[3],  
Charges,    2.0653000000,    2.2552000000,    0.9991000000,    0.9999000000,  
Time[fs],  34.207000,  36.422000,  10.737000,  11.073000,  
Charge Sum,    6.3195000000, 
X Velocity[A/fs],  -0.204770,   0.192705,  -0.607253,   0.601169,  
Y Velocity[A/fs],   0.011583,  -0.003035,  -0.031387,  -0.036351, 
Z Velocity[A/fs],   0.001334,  -0.003183,  -0.037865,  -0.001409,  
Speed[A/fs],   0.205101,   0.192755,   0.609242,   0.602269,  
 
r_seed=69,   C[0],   C[1],   H[2],   H[3],  
Charges,    2.0653000000,    2.2552000000,    0.9991000000,    0.9999000000,  
Time[fs],  34.997000,  35.659000,  10.893000,  10.900000,  
Charge Sum,    6.3195000000, 
X Velocity[A/fs],  -0.199406,   0.196042,  -0.609972,   0.605166,  
Y Velocity[A/fs],   0.016612,  -0.008950,  -0.010263,  -0.030293, 
Z Velocity[A/fs],  -0.011364,   0.003731,   0.005351,  -0.024645,  
Speed[A/fs],   0.200420,   0.196282,   0.610082,   0.606424,  
 
r_seed=70,   C[0],   C[1],   H[2],   H[3],  
Charges,    2.0653000000,    2.2552000000,    0.9991000000,    0.9999000000,  
Time[fs],  34.052000,  36.562000,  10.780000,  10.969000,  
Charge Sum,    6.3195000000, 
X Velocity[A/fs],  -0.205639,   0.192462,  -0.609861,   0.595813,  
Y Velocity[A/fs],  -0.010012,   0.011757,   0.005117,  -0.035277, 
Z Velocity[A/fs],   0.004168,  -0.005967,   0.012891,   0.026946,  
Speed[A/fs],   0.205925,   0.192913,   0.610019,   0.597464,  
 
r_seed=71,   C[0],   C[1],   H[2],   H[3],  
Charges,    2.0653000000,    2.2552000000,    0.9991000000,    0.9999000000,  
Time[fs],  34.346000,  36.131000,  10.817000,  10.888000,  
Charge Sum,    6.3195000000, 
X Velocity[A/fs],  -0.202671,   0.193419,  -0.613092,   0.602564,  
Y Velocity[A/fs],   0.000238,  -0.000360,  -0.032737,  -0.009971, 
Z Velocity[A/fs],  -0.000065,   0.004762,  -0.022204,  -0.034586,  
Speed[A/fs],   0.202671,   0.193478,   0.614367,   0.603638,  
 
r_seed=72,   C[0],   C[1],   H[2],   H[3],  
Charges,    2.0653000000,    2.2552000000,    0.9991000000,    0.9999000000,  
Time[fs],  34.825000,  35.661000,  10.755000,  10.946000,  
Charge Sum,    6.3195000000, 
X Velocity[A/fs],  -0.200536,   0.195919,  -0.607006,   0.604546,  
Y Velocity[A/fs],  -0.008181,   0.002895,   0.029498,  -0.031647, 
Z Velocity[A/fs],   0.012558,  -0.009342,   0.012848,   0.042128,  
Speed[A/fs],   0.201095,   0.196163,   0.607858,   0.606838,  
 
r_seed=73,   C[0],   C[1],   H[2],   H[3],  
Charges,    2.0653000000,    2.2552000000,    0.9991000000,    0.9999000000,  
Time[fs],  34.645000,  35.953000,  10.900000,  10.904000,  
Charge Sum,    6.3195000000, 
X Velocity[A/fs],  -0.201832,   0.194997,  -0.606768,   0.601859,  
Y Velocity[A/fs],  -0.000207,  -0.010369,   0.025512,   0.011037, 
Z Velocity[A/fs],   0.011091,  -0.013453,  -0.062728,   0.010481,  
Speed[A/fs],   0.202137,   0.195735,   0.610535,   0.602051,  
 
r_seed=74,   C[0],   C[1],   H[2],   H[3],  
Charges,    2.0653000000,    2.2552000000,    0.9991000000,    0.9999000000,  
Time[fs],  34.781000,  35.469000,  10.774000,  10.738000,  
Charge Sum,    6.3195000000, 
X Velocity[A/fs],  -0.200401,   0.196934,  -0.608057,   0.603325,  
Y Velocity[A/fs],  -0.003226,   0.006223,   0.030143,  -0.036601, 
Z Velocity[A/fs],  -0.001101,  -0.002044,   0.001813,  -0.016871,  
Speed[A/fs],   0.200430,   0.197043,   0.608806,   0.604670,  
 
r_seed=75,   C[0],   C[1],   H[2],   H[3],  
Charges,    2.0653000000,    2.2552000000,    0.9991000000,    0.9999000000,  
Time[fs],  34.518000,  36.229000,  10.887000,  11.023000,  
Charge Sum,    6.3195000000, 
X Velocity[A/fs],  -0.202767,   0.193788,  -0.609157,   0.600667,  
Y Velocity[A/fs],   0.001109,  -0.002153,   0.047987,  -0.003105, 
Z Velocity[A/fs],   0.013492,  -0.012960,   0.021609,   0.043553,  
Speed[A/fs],   0.203219,   0.194233,   0.611426,   0.602252,  
 
r_seed=76,   C[0],   C[1],   H[2],   H[3],  
Charges,    2.0653000000,    2.2552000000,    0.9991000000,    0.9999000000,  
Time[fs],  35.185000,  35.433000,  10.895000,  10.925000,  
Charge Sum,    6.3195000000, 
X Velocity[A/fs],  -0.199403,   0.198036,  -0.604116,   0.604287,  
Y Velocity[A/fs],   0.006005,  -0.013977,   0.012770,  -0.010959, 
Z Velocity[A/fs],  -0.005676,  -0.013572,   0.025902,   0.008211,  
Speed[A/fs],   0.199574,   0.198992,   0.604806,   0.604443,  
 
r_seed=77,   C[0],   C[1],   H[2],   H[3],  
Charges,    2.0653000000,    2.2552000000,    0.9991000000,    0.9999000000,  
Time[fs],  35.561000,  34.799000,  10.895000,  10.734000,  
Charge Sum,    6.3195000000, 
X Velocity[A/fs],  -0.195975,   0.200184,  -0.606930,   0.609181,  
Y Velocity[A/fs],   0.006093,   0.002865,  -0.024721,  -0.008032, 
Z Velocity[A/fs],  -0.000935,  -0.003810,   0.009441,  -0.032606,  
Speed[A/fs],   0.196072,   0.200241,   0.607507,   0.610106,  
 
r_seed=78,   C[0],   C[1],   H[2],   H[3],  
Charges,    2.0653000000,    2.2552000000,    0.9991000000,    0.9999000000,  
Time[fs],  34.762000,  35.789000,  10.810000,  10.968000,  
Charge Sum,    6.3195000000, 
X Velocity[A/fs],  -0.201306,   0.195624,  -0.604217,   0.603654,  
Y Velocity[A/fs],   0.012944,  -0.002564,  -0.027339,   0.006847, 
Z Velocity[A/fs],   0.014208,  -0.008723,  -0.053823,   0.039387,  
Speed[A/fs],   0.202221,   0.195835,   0.607225,   0.604977,  
 
r_seed=79,   C[0],   C[1],   H[2],   H[3],  
Charges,    2.0653000000,    2.2552000000,    0.9991000000,    0.9999000000,  
Time[fs],  34.689000,  35.860000,  10.853000,  10.910000,  
Charge Sum,    6.3195000000, 
X Velocity[A/fs],  -0.200846,   0.194808,  -0.612497,   0.604739,  
Y Velocity[A/fs],  -0.004400,  -0.000068,  -0.021739,  -0.041494, 
Z Velocity[A/fs],   0.003659,  -0.007866,   0.004919,  -0.008139,  
Speed[A/fs],   0.200928,   0.194967,   0.612903,   0.606216,  
 
r_seed=80,   C[0],   C[1],   H[2],   H[3],  
Charges,    2.0653000000,    2.2552000000,    0.9991000000,    0.9999000000,  
Time[fs],  34.680000,  35.752000,  10.817000,  10.904000,  
Charge Sum,    6.3195000000, 
X Velocity[A/fs],  -0.201640,   0.196125,  -0.607892,   0.598751,  
Y Velocity[A/fs],  -0.002454,  -0.012115,   0.001594,   0.054070, 
Z Velocity[A/fs],  -0.002736,   0.000723,   0.018581,  -0.049237,  
Speed[A/fs],   0.201674,   0.196500,   0.608178,   0.603200,  
 
r_seed=81,   C[0],   C[1],   H[2],   H[3],  
Charges,    2.0653000000,    2.2552000000,    0.9991000000,    0.9999000000,  
Time[fs],  34.030000,  36.501000,  10.776000,  10.960000,  
Charge Sum,    6.3195000000, 
X Velocity[A/fs],  -0.204883,   0.191853,  -0.611702,   0.600025,  
Y Velocity[A/fs],   0.003443,  -0.000507,  -0.041229,   0.030976, 
Z Velocity[A/fs],   0.003197,  -0.001993,  -0.029660,   0.029018,  
Speed[A/fs],   0.204937,   0.191864,   0.613807,   0.601525,  
 
r_seed=82,   C[0],   C[1],   H[2],   H[3],  
Charges,    2.0653000000,    2.2552000000,    0.9991000000,    0.9999000000,  
Time[fs],  33.997000,  36.615000,  10.699000,  11.016000,  
Charge Sum,    6.3195000000, 
X Velocity[A/fs],  -0.205691,   0.191652,  -0.610143,   0.599553,  
Y Velocity[A/fs],  -0.002012,   0.000091,   0.008127,   0.014173, 
Z Velocity[A/fs],   0.004520,  -0.014189,   0.018456,  -0.015034,  
Speed[A/fs],   0.205750,   0.192177,   0.610476,   0.599909,  
 
r_seed=83,   C[0],   C[1],   H[2],   H[3],  
Charges,    2.0653000000,    2.2552000000,    0.9991000000,    0.9999000000,  
Time[fs],  35.106000,  35.377000,  10.937000,  10.825000,  
Charge Sum,    6.3195000000, 
X Velocity[A/fs],  -0.199146,   0.198114,  -0.608194,   0.600982,  
Y Velocity[A/fs],   0.000590,  -0.004197,   0.024344,  -0.039954, 
Z Velocity[A/fs],  -0.000701,  -0.007894,  -0.018509,   0.058968,  
Speed[A/fs],   0.199148,   0.198316,   0.608963,   0.605188,  
 
r_seed=84,   C[0],   C[1],   H[2],   H[3],  
Charges,    2.0653000000,    2.2552000000,    0.9991000000,    0.9999000000,  
Time[fs],  35.076000,  35.381000,  10.797000,  10.872000,  
Charge Sum,    6.3195000000, 
X Velocity[A/fs],  -0.198821,   0.197157,  -0.607950,   0.606487,  
Y Velocity[A/fs],  -0.001579,   0.006882,   0.003734,   0.048649, 
Z Velocity[A/fs],   0.009870,  -0.011355,  -0.002402,   0.012565,  
Speed[A/fs],   0.199072,   0.197604,   0.607966,   0.608565,  
 
r_seed=85,   C[0],   C[1],   H[2],   H[3],  
Charges,    2.0653000000,    2.2552000000,    0.9991000000,    0.9999000000,  
Time[fs],  34.497000,  36.129000,  10.894000,  10.991000,  
Charge Sum,    6.3195000000, 
X Velocity[A/fs],  -0.202890,   0.194271,  -0.607548,   0.601088,  
Y Velocity[A/fs],  -0.001744,   0.005065,   0.021507,   0.034255, 
Z Velocity[A/fs],  -0.001741,  -0.003887,   0.064614,  -0.033882,  
Speed[A/fs],   0.202905,   0.194375,   0.611353,   0.603016,  
 
r_seed=86,   C[0],   C[1],   H[2],   H[3],  
Charges,    2.0653000000,    2.2552000000,    0.9991000000,    0.9999000000,  
Time[fs],  34.566000,  36.057000,  10.830000,  10.987000,  
Charge Sum,    6.3195000000, 
X Velocity[A/fs],  -0.202713,   0.194925,  -0.607731,   0.597346,  
Y Velocity[A/fs],   0.006709,  -0.017609,   0.010437,   0.062263, 
Z Velocity[A/fs],  -0.004899,   0.011398,  -0.004318,  -0.007534,  
Speed[A/fs],   0.202883,   0.196051,   0.607836,   0.600629,  
 
r_seed=87,   C[0],   C[1],   H[2],   H[3],  
Charges,    2.0653000000,    2.2552000000,    0.9991000000,    0.9999000000,  
Time[fs],  34.597000,  35.988000,  10.882000,  10.881000,  
Charge Sum,    6.3195000000, 
X Velocity[A/fs],  -0.201962,   0.194729,  -0.607075,   0.601327,  
Y Velocity[A/fs],   0.015877,  -0.011523,  -0.060954,   0.026158, 
Z Velocity[A/fs],   0.007690,  -0.007045,   0.021783,  -0.004988,  
Speed[A/fs],   0.202732,   0.195196,   0.610516,   0.601917,  
 
r_seed=88,   C[0],   C[1],   H[2],   H[3],  
Charges,    2.0653000000,    2.2552000000,    0.9991000000,    0.9999000000,  
Time[fs],  34.759000,  35.840000,  10.770000,  11.023000,  
Charge Sum,    6.3195000000, 
X Velocity[A/fs],  -0.201265,   0.195277,  -0.607197,   0.604708,  
Y Velocity[A/fs],  -0.006217,   0.010970,  -0.012675,  -0.013294, 
Z Velocity[A/fs],   0.002973,  -0.006558,  -0.022629,  -0.054186,  
Speed[A/fs],   0.201383,   0.195695,   0.607751,   0.607276,  
 
r_seed=89,   C[0],   C[1],   H[2],   H[3],  
Charges,    2.0653000000,    2.2552000000,    0.9991000000,    0.9999000000,  
Time[fs],  34.997000,  35.458000,  10.849000,  10.846000,  
Charge Sum,    6.3195000000, 
X Velocity[A/fs],  -0.198850,   0.196497,  -0.611147,   0.608194,  
Y Velocity[A/fs],  -0.007529,   0.004826,  -0.021861,   0.013886, 
Z Velocity[A/fs],  -0.003796,  -0.003956,   0.010476,   0.013757,  
Speed[A/fs],   0.199028,   0.196596,   0.611627,   0.608508,  
 
r_seed=90,   C[0],   C[1],   H[2],   H[3],  
Charges,    2.0653000000,    2.2552000000,    0.9991000000,    0.9999000000,  
Time[fs],  34.648000,  35.949000,  10.843000,  11.011000,  
Charge Sum,    6.3195000000, 
X Velocity[A/fs],  -0.201839,   0.194905,  -0.606960,   0.600856,  
Y Velocity[A/fs],  -0.004641,  -0.001570,  -0.016114,   0.035492, 
Z Velocity[A/fs],   0.011507,  -0.013411,  -0.053635,   0.057452,  
Speed[A/fs],   0.202220,   0.195373,   0.609538,   0.604639,  
 
r_seed=91,   C[0],   C[1],   H[2],   H[3],  
Charges,    2.0653000000,    2.2552000000,    0.9991000000,    0.9999000000,  
Time[fs],  34.444000,  36.034000,  10.862000,  10.854000,  
Charge Sum,    6.3195000000, 
X Velocity[A/fs],  -0.203730,   0.195485,  -0.605901,   0.597667,  
Y Velocity[A/fs],   0.007947,  -0.001877,  -0.030438,   0.012195, 
Z Velocity[A/fs],  -0.006630,  -0.001536,   0.025755,   0.021985,  
Speed[A/fs],   0.203993,   0.195500,   0.607212,   0.598196,  
 
r_seed=92,   C[0],   C[1],   H[2],   H[3],  
Charges,    2.0653000000,    2.2552000000,    0.9991000000,    0.9999000000,  
Time[fs],  34.069000,  36.459000,  10.723000,  11.008000,  
Charge Sum,    6.3195000000, 
X Velocity[A/fs],  -0.205247,   0.192452,  -0.608980,   0.598534,  
Y Velocity[A/fs],  -0.002244,   0.007855,  -0.000397,  -0.046374, 
Z Velocity[A/fs],  -0.003377,  -0.007462,   0.041852,   0.007999,  
Speed[A/fs],   0.205287,   0.192757,   0.610417,   0.600382,  
 
r_seed=93,   C[0],   C[1],   H[2],   H[3],  
Charges,    2.0653000000,    2.2552000000,    0.9991000000,    0.9999000000,  
Time[fs],  34.985000,  35.603000,  10.887000,  10.870000,  
Charge Sum,    6.3195000000, 
X Velocity[A/fs],  -0.199778,   0.196604,  -0.607290,   0.604272,  
Y Velocity[A/fs],   0.010205,  -0.016688,  -0.034416,  -0.029633, 
Z Velocity[A/fs],   0.003508,   0.000557,   0.025565,   0.012515,  
Speed[A/fs],   0.200069,   0.197312,   0.608801,   0.605127,  
 
r_seed=94,   C[0],   C[1],   H[2],   H[3],  
Charges,    2.0653000000,    2.2552000000,    0.9991000000,    0.9999000000,  
Time[fs],  34.211000,  36.585000,  10.836000,  11.082000,  
Charge Sum,    6.3195000000, 
X Velocity[A/fs],  -0.204177,   0.191634,  -0.613183,   0.602786,  
Y Velocity[A/fs],   0.008662,  -0.005014,   0.007817,   0.014890, 
Z Velocity[A/fs],   0.000236,  -0.005986,  -0.030980,   0.027112,  
Speed[A/fs],   0.204361,   0.191793,   0.614015,   0.603579,  
 
r_seed=95,   C[0],   C[1],   H[2],   H[3],  
Charges,    2.0653000000,    2.2552000000,    0.9991000000,    0.9999000000,  
Time[fs],  35.267000,  35.395000,  10.962000,  10.863000,  
Charge Sum,    6.3195000000, 
X Velocity[A/fs],  -0.197914,   0.197371,  -0.608197,   0.607287,  
Y Velocity[A/fs],   0.012792,  -0.017013,  -0.043398,   0.003785, 
Z Velocity[A/fs],   0.005631,  -0.000377,  -0.027447,   0.009771,  
Speed[A/fs],   0.198407,   0.198103,   0.610361,   0.607377,  
 
r_seed=96,   C[0],   C[1],   H[2],   H[3],  
Charges,    2.0653000000,    2.2552000000,    0.9991000000,    0.9999000000,  
Time[fs],  35.042000,  35.763000,  10.909000,  11.091000,  
Charge Sum,    6.3195000000, 
X Velocity[A/fs],  -0.200553,   0.196525,  -0.604492,   0.603931,  
Y Velocity[A/fs],   0.011701,  -0.016007,   0.007199,   0.022045, 
Z Velocity[A/fs],  -0.000434,   0.004864,   0.038665,  -0.041410,  
Speed[A/fs],   0.200895,   0.197235,   0.605770,   0.605750,  
 
r_seed=97,   C[0],   C[1],   H[2],   H[3],  
Charges,    2.0653000000,    2.2552000000,    0.9991000000,    0.9999000000,  
Time[fs],  34.801000,  35.627000,  10.874000,  10.758000,  
Charge Sum,    6.3195000000, 
X Velocity[A/fs],  -0.200786,   0.196706,  -0.607511,   0.602093,  
Y Velocity[A/fs],  -0.013855,   0.001867,   0.032233,  -0.002974, 
Z Velocity[A/fs],  -0.000231,  -0.009316,   0.012600,   0.013754,  
Speed[A/fs],   0.201264,   0.196936,   0.608496,   0.602257,  
 
r_seed=98,   C[0],   C[1],   H[2],   H[3],  
Charges,    2.0653000000,    2.2552000000,    0.9991000000,    0.9999000000,  
Time[fs],  35.034000,  35.299000,  10.753000,  10.816000,  
Charge Sum,    6.3195000000, 
X Velocity[A/fs],  -0.199456,   0.197912,  -0.604938,   0.605823,  
Y Velocity[A/fs],   0.001178,  -0.011996,  -0.031630,  -0.006904, 
Z Velocity[A/fs],   0.002926,   0.003634,  -0.023476,   0.006889,  
Speed[A/fs],   0.199481,   0.198308,   0.606219,   0.605901,  
 
r_seed=99,   C[0],   C[1],   H[2],   H[3],  
Charges,    2.0653000000,    2.2552000000,    0.9991000000,    0.9999000000,  
Time[fs],  34.144000,  36.513000,  10.838000,  10.975000,  
Charge Sum,    6.3195000000, 
X Velocity[A/fs],  -0.204685,   0.192245,  -0.610878,   0.599873,  
Y Velocity[A/fs],  -0.003936,   0.005775,  -0.052606,  -0.009923, 
Z Velocity[A/fs],  -0.001889,   0.008958,   0.016381,   0.008422,  
Speed[A/fs],   0.204731,   0.192540,   0.613358,   0.600015,  
 
r_seed=100,   C[0],   C[1],   H[2],   H[3],  
Charges,    2.0653000000,    2.2552000000,    0.9991000000,    0.9999000000,  
Time[fs],  34.708000,  35.686000,  10.818000,  10.853000,  
Charge Sum,    6.3195000000, 
X Velocity[A/fs],  -0.201081,   0.195811,  -0.605545,   0.604599,  
Y Velocity[A/fs],  -0.003741,   0.002236,  -0.054479,   0.011308, 
Z Velocity[A/fs],  -0.009255,   0.004076,   0.052261,   0.004751,  
Speed[A/fs],   0.201328,   0.195867,   0.610232,   0.604723,  
 
r_seed=101,   C[0],   C[1],   H[2],   H[3],  
Charges,    2.0653000000,    2.2552000000,    0.9991000000,    0.9999000000,  
Time[fs],  35.487000,  35.072000,  10.874000,  10.896000,  
Charge Sum,    6.3195000000, 
X Velocity[A/fs],  -0.197799,   0.199760,  -0.599342,   0.605445,  
Y Velocity[A/fs],   0.010524,  -0.011326,  -0.017598,   0.034221, 
Z Velocity[A/fs],   0.017829,  -0.005869,  -0.056116,  -0.005562,  
Speed[A/fs],   0.198880,   0.200167,   0.602220,   0.606437,  
 
r_seed=102,   C[0],   C[1],   H[2],   H[3],  
Charges,    2.0653000000,    2.2552000000,    0.9991000000,    0.9999000000,  
Time[fs],  34.531000,  36.005000,  10.751000,  10.943000,  
Charge Sum,    6.3195000000, 
X Velocity[A/fs],  -0.202336,   0.194389,  -0.608395,   0.603351,  
Y Velocity[A/fs],  -0.002151,   0.011238,  -0.014559,   0.022222, 
Z Velocity[A/fs],  -0.004420,   0.012656,   0.022308,   0.009108,  
Speed[A/fs],   0.202396,   0.195125,   0.608978,   0.603828,  
 
r_seed=103,   C[0],   C[1],   H[2],   H[3],  
Charges,    2.0653000000,    2.2552000000,    0.9991000000,    0.9999000000,  
Time[fs],  35.282000,  35.199000,  10.890000,  10.823000,  
Charge Sum,    6.3195000000, 
X Velocity[A/fs],  -0.197810,   0.198476,  -0.607715,   0.604239,  
Y Velocity[A/fs],   0.008008,   0.002143,  -0.012988,  -0.063526, 
Z Velocity[A/fs],  -0.009531,   0.012135,  -0.012536,  -0.004767,  
Speed[A/fs],   0.198202,   0.198858,   0.607983,   0.607588,  
 
r_seed=104,   C[0],   C[1],   H[2],   H[3],  
Charges,    2.0653000000,    2.2552000000,    0.9991000000,    0.9999000000,  
Time[fs],  34.257000,  36.478000,  10.776000,  11.123000,  
Charge Sum,    6.3195000000, 
X Velocity[A/fs],  -0.204085,   0.192173,  -0.611286,   0.602235,  
Y Velocity[A/fs],   0.003612,  -0.002742,   0.000081,   0.010512, 
Z Velocity[A/fs],  -0.001364,   0.012030,   0.004189,  -0.054519,  
Speed[A/fs],   0.204122,   0.192569,   0.611300,   0.604789,  
 
r_seed=105,   C[0],   C[1],   H[2],   H[3],  
Charges,    2.0653000000,    2.2552000000,    0.9991000000,    0.9999000000,  
Time[fs],  34.959000,  35.628000,  10.883000,  10.933000,  
Charge Sum,    6.3195000000, 
X Velocity[A/fs],  -0.199845,   0.196273,  -0.606834,   0.605205,  
Y Velocity[A/fs],   0.011049,  -0.008364,   0.007446,  -0.047203, 
Z Velocity[A/fs],   0.001069,   0.005129,  -0.058697,   0.015488,  
Speed[A/fs],   0.200153,   0.196518,   0.609712,   0.607240,  
 
r_seed=106,   C[0],   C[1],   H[2],   H[3],  
Charges,    2.0653000000,    2.2552000000,    0.9991000000,    0.9999000000,  
Time[fs],  35.767000,  34.880000,  10.969000,  10.838000,  
Charge Sum,    6.3195000000, 
X Velocity[A/fs],  -0.195468,   0.200232,  -0.605978,   0.609420,  
Y Velocity[A/fs],  -0.010407,   0.013853,   0.003938,  -0.018504, 
Z Velocity[A/fs],  -0.009091,  -0.007759,   0.015924,  -0.000720,  
Speed[A/fs],   0.195955,   0.200860,   0.606200,   0.609702,  
 
r_seed=107,   C[0],   C[1],   H[2],   H[3],  
Charges,    2.0653000000,    2.2552000000,    0.9991000000,    0.9999000000,  
Time[fs],  34.787000,  35.616000,  10.888000,  10.789000,  
Charge Sum,    6.3195000000, 
X Velocity[A/fs],  -0.200718,   0.196566,  -0.606943,   0.602322,  
Y Velocity[A/fs],  -0.007555,   0.002874,   0.051324,   0.035243, 
Z Velocity[A/fs],  -0.000998,   0.004076,   0.037328,  -0.018930,  
Speed[A/fs],   0.200862,   0.196629,   0.610252,   0.603649,  
 
r_seed=108,   C[0],   C[1],   H[2],   H[3],  
Charges,    2.0653000000,    2.2552000000,    0.9991000000,    0.9999000000,  
Time[fs],  35.733000,  34.682000,  10.826000,  10.820000,  
Charge Sum,    6.3195000000, 
X Velocity[A/fs],  -0.195260,   0.200576,  -0.604364,   0.613193,  
Y Velocity[A/fs],  -0.005091,  -0.000480,   0.024778,  -0.006526, 
Z Velocity[A/fs],  -0.002759,   0.007753,  -0.014485,   0.007867,  
Speed[A/fs],   0.195346,   0.200727,   0.605045,   0.613279,  
 
r_seed=109,   C[0],   C[1],   H[2],   H[3],  
Charges,    2.0653000000,    2.2552000000,    0.9991000000,    0.9999000000,  
Time[fs],  34.391000,  36.132000,  10.834000,  10.921000,  
Charge Sum,    6.3195000000, 
X Velocity[A/fs],  -0.202847,   0.193762,  -0.610226,   0.601017,  
Y Velocity[A/fs],  -0.003311,  -0.009288,   0.046386,   0.031529, 
Z Velocity[A/fs],  -0.008641,   0.005680,   0.020224,  -0.030450,  
Speed[A/fs],   0.203057,   0.194067,   0.612320,   0.602614,  
 
r_seed=110,   C[0],   C[1],   H[2],   H[3],  
Charges,    2.0653000000,    2.2552000000,    0.9991000000,    0.9999000000,  
Time[fs],  34.740000,  35.543000,  10.714000,  10.823000,  
Charge Sum,    6.3195000000, 
X Velocity[A/fs],  -0.201012,   0.196594,  -0.605572,   0.604042,  
Y Velocity[A/fs],  -0.000308,   0.007035,  -0.046476,  -0.014229, 
Z Velocity[A/fs],   0.000330,   0.005268,  -0.019711,   0.020260,  
Speed[A/fs],   0.201012,   0.196790,   0.607673,   0.604549,  
 
r_seed=111,   C[0],   C[1],   H[2],   H[3],  
Charges,    2.0653000000,    2.2552000000,    0.9991000000,    0.9999000000,  
Time[fs],  35.726000,  34.906000,  10.912000,  10.922000,  
Charge Sum,    6.3195000000, 
X Velocity[A/fs],  -0.195805,   0.200059,  -0.604598,   0.608309,  
Y Velocity[A/fs],  -0.007374,   0.002022,   0.018046,   0.009750, 
Z Velocity[A/fs],   0.005007,  -0.019683,   0.003924,   0.055474,  
Speed[A/fs],   0.196008,   0.201035,   0.604879,   0.610911,  
 
r_seed=112,   C[0],   C[1],   H[2],   H[3],  
Charges,    2.0653000000,    2.2552000000,    0.9991000000,    0.9999000000,  
Time[fs],  34.631000,  35.820000,  10.780000,  10.939000,  
Charge Sum,    6.3195000000, 
X Velocity[A/fs],  -0.201669,   0.195242,  -0.606214,   0.602066,  
Y Velocity[A/fs],   0.006382,  -0.003778,  -0.015889,  -0.009858, 
Z Velocity[A/fs],  -0.010967,   0.009965,   0.056070,  -0.058260,  
Speed[A/fs],   0.202067,   0.195533,   0.609009,   0.604959,  
 
r_seed=113,   C[0],   C[1],   H[2],   H[3],  
Charges,    2.0653000000,    2.2552000000,    0.9991000000,    0.9999000000,  
Time[fs],  35.611000,  34.819000,  10.892000,  10.775000,  
Charge Sum,    6.3195000000, 
X Velocity[A/fs],  -0.195837,   0.200080,  -0.606204,   0.610231,  
Y Velocity[A/fs],   0.001057,   0.007650,  -0.019912,   0.000899, 
Z Velocity[A/fs],  -0.000930,   0.009292,  -0.023096,   0.022362,  
Speed[A/fs],   0.195842,   0.200442,   0.606971,   0.610641,  
 
r_seed=114,   C[0],   C[1],   H[2],   H[3],  
Charges,    2.0653000000,    2.2552000000,    0.9991000000,    0.9999000000,  
Time[fs],  34.206000,  36.305000,  10.654000,  11.045000,  
Charge Sum,    6.3195000000, 
X Velocity[A/fs],  -0.204288,   0.192814,  -0.609227,   0.601998,  
Y Velocity[A/fs],   0.005444,   0.002872,  -0.008318,  -0.048446, 
Z Velocity[A/fs],  -0.004384,   0.004581,   0.018913,  -0.008709,  
Speed[A/fs],   0.204407,   0.192890,   0.609577,   0.604007,  
 
r_seed=115,   C[0],   C[1],   H[2],   H[3],  
Charges,    2.0653000000,    2.2552000000,    0.9991000000,    0.9999000000,  
Time[fs],  35.373000,  35.161000,  10.869000,  10.859000,  
Charge Sum,    6.3195000000, 
X Velocity[A/fs],  -0.197185,   0.198289,  -0.607503,   0.608934,  
Y Velocity[A/fs],  -0.011889,  -0.000109,   0.007278,   0.013332, 
Z Velocity[A/fs],  -0.009703,   0.011377,  -0.023672,  -0.025367,  
Speed[A/fs],   0.197781,   0.198615,   0.608007,   0.609608,  
 
r_seed=116,   C[0],   C[1],   H[2],   H[3],  
Charges,    2.0653000000,    2.2552000000,    0.9991000000,    0.9999000000,  
Time[fs],  34.177000,  36.671000,  10.868000,  11.146000,  
Charge Sum,    6.3195000000, 
X Velocity[A/fs],  -0.205506,   0.192202,  -0.609658,   0.599945,  
Y Velocity[A/fs],  -0.000309,   0.001775,   0.003110,   0.014458, 
Z Velocity[A/fs],   0.000310,  -0.008678,   0.026171,  -0.011919,  
Speed[A/fs],   0.205506,   0.192406,   0.610227,   0.600238,  
 
r_seed=117,   C[0],   C[1],   H[2],   H[3],  
Charges,    2.0653000000,    2.2552000000,    0.9991000000,    0.9999000000,  
Time[fs],  34.541000,  36.158000,  10.825000,  11.032000,  
Charge Sum,    6.3195000000, 
X Velocity[A/fs],  -0.201978,   0.193318,  -0.610658,   0.605525,  
Y Velocity[A/fs],  -0.008701,   0.007806,   0.026045,  -0.005693, 
Z Velocity[A/fs],  -0.009064,   0.010808,   0.030595,  -0.038097,  
Speed[A/fs],   0.202368,   0.193777,   0.611979,   0.606749,  
 
r_seed=118,   C[0],   C[1],   H[2],   H[3],  
Charges,    2.0653000000,    2.2552000000,    0.9991000000,    0.9999000000,  
Time[fs],  34.412000,  35.998000,  10.796000,  10.835000,  
Charge Sum,    6.3195000000, 
X Velocity[A/fs],  -0.203266,   0.194979,  -0.607062,   0.599122,  
Y Velocity[A/fs],  -0.003573,   0.000933,  -0.022049,   0.033014, 
Z Velocity[A/fs],   0.011298,  -0.000938,  -0.038030,  -0.020988,  
Speed[A/fs],   0.203611,   0.194983,   0.608652,   0.600398,  
 
r_seed=119,   C[0],   C[1],   H[2],   H[3],  
Charges,    2.0653000000,    2.2552000000,    0.9991000000,    0.9999000000,  
Time[fs],  34.079000,  36.595000,  10.833000,  11.012000,  
Charge Sum,    6.3195000000, 
X Velocity[A/fs],  -0.204783,   0.191611,  -0.613059,   0.599823,  
Y Velocity[A/fs],  -0.005535,   0.005374,   0.043186,   0.006619, 
Z Velocity[A/fs],  -0.000031,   0.002073,   0.013460,  -0.044537,  
Speed[A/fs],   0.204858,   0.191698,   0.614725,   0.601510,  
 
r_seed=120,   C[0],   C[1],   H[2],   H[3],  
Charges,    2.0653000000,    2.2552000000,    0.9991000000,    0.9999000000,  
Time[fs],  35.076000,  35.306000,  10.753000,  10.832000,  
Charge Sum,    6.3195000000, 
X Velocity[A/fs],  -0.199040,   0.197664,  -0.605648,   0.606671,  
Y Velocity[A/fs],  -0.004857,   0.012802,   0.024895,   0.015323, 
Z Velocity[A/fs],  -0.005288,   0.008153,  -0.024675,  -0.010310,  
Speed[A/fs],   0.199169,   0.198246,   0.606661,   0.606953,  
 
r_seed=121,   C[0],   C[1],   H[2],   H[3],  
Charges,    2.0653000000,    2.2552000000,    0.9991000000,    0.9999000000,  
Time[fs],  34.878000,  35.571000,  10.734000,  10.968000,  
Charge Sum,    6.3195000000, 
X Velocity[A/fs],  -0.200618,   0.196675,  -0.605706,   0.604042,  
Y Velocity[A/fs],   0.007735,  -0.000598,   0.005210,   0.031729, 
Z Velocity[A/fs],  -0.004402,   0.004640,  -0.029717,  -0.050276,  
Speed[A/fs],   0.200816,   0.196731,   0.606457,   0.606961,  
 
r_seed=122,   C[0],   C[1],   H[2],   H[3],  
Charges,    2.0653000000,    2.2552000000,    0.9991000000,    0.9999000000,  
Time[fs],  34.757000,  35.685000,  10.719000,  10.921000,  
Charge Sum,    6.3195000000, 
X Velocity[A/fs],  -0.200581,   0.195415,  -0.608801,   0.607473,  
Y Velocity[A/fs],   0.012350,  -0.005439,   0.011048,  -0.003392, 
Z Velocity[A/fs],   0.004060,   0.004663,  -0.006621,  -0.011977,  
Speed[A/fs],   0.201002,   0.195546,   0.608937,   0.607600,  
 
r_seed=123,   C[0],   C[1],   H[2],   H[3],  
Charges,    2.0653000000,    2.2552000000,    0.9991000000,    0.9999000000,  
Time[fs],  34.223000,  36.391000,  10.844000,  10.891000,  
Charge Sum,    6.3195000000, 
X Velocity[A/fs],  -0.204637,   0.193422,  -0.609803,   0.597058,  
Y Velocity[A/fs],   0.010167,  -0.010120,  -0.014391,  -0.011400, 
Z Velocity[A/fs],  -0.007270,   0.005976,  -0.002026,  -0.022518,  
Speed[A/fs],   0.205019,   0.193779,   0.609976,   0.597591,  
 
r_seed=124,   C[0],   C[1],   H[2],   H[3],  
Charges,    2.0653000000,    2.2552000000,    0.9991000000,    0.9999000000,  
Time[fs],  34.884000,  35.933000,  10.946000,  10.964000,  
Charge Sum,    6.3195000000, 
X Velocity[A/fs],  -0.200130,   0.194815,  -0.613683,   0.605608,  
Y Velocity[A/fs],  -0.012314,   0.012731,  -0.006844,   0.000668, 
Z Velocity[A/fs],   0.004301,   0.000586,   0.007007,   0.016938,  
Speed[A/fs],   0.200555,   0.195231,   0.613761,   0.605845,  
 
r_seed=125,   C[0],   C[1],   H[2],   H[3],  
Charges,    2.0653000000,    2.2552000000,    0.9991000000,    0.9999000000,  
Time[fs],  34.990000,  35.703000,  10.837000,  11.036000,  
Charge Sum,    6.3195000000, 
X Velocity[A/fs],  -0.199811,   0.195766,  -0.608056,   0.608969,  
Y Velocity[A/fs],  -0.009673,   0.006122,  -0.029391,  -0.019713, 
Z Velocity[A/fs],   0.002753,  -0.002805,  -0.009188,   0.038316,  
Speed[A/fs],   0.200064,   0.195882,   0.608835,   0.610492,  
 
r_seed=126,   C[0],   C[1],   H[2],   H[3],  
Charges,    2.0653000000,    2.2552000000,    0.9991000000,    0.9999000000,  
Time[fs],  34.902000,  35.677000,  10.881000,  10.928000,  
Charge Sum,    6.3195000000, 
X Velocity[A/fs],  -0.200539,   0.196549,  -0.606695,   0.600761,  
Y Velocity[A/fs],  -0.011196,   0.003493,   0.021885,   0.068663, 
Z Velocity[A/fs],  -0.007322,   0.011707,   0.026919,   0.010169,  
Speed[A/fs],   0.200985,   0.196929,   0.607686,   0.604757,  
 
r_seed=127,   C[0],   C[1],   H[2],   H[3],  
Charges,    2.0653000000,    2.2552000000,    0.9991000000,    0.9999000000,  
Time[fs],  34.938000,  35.577000,  10.855000,  10.935000,  
Charge Sum,    6.3195000000, 
X Velocity[A/fs],  -0.199784,   0.196335,  -0.607649,   0.605966,  
Y Velocity[A/fs],  -0.000273,  -0.005233,   0.006795,  -0.054282, 
Z Velocity[A/fs],   0.007783,  -0.001843,  -0.048190,   0.013677,  
Speed[A/fs],   0.199936,   0.196413,   0.609595,   0.608546,  
 
r_seed=128,   C[0],   C[1],   H[2],   H[3],  
Charges,    2.0653000000,    2.2552000000,    0.9991000000,    0.9999000000,  
Time[fs],  34.390000,  36.233000,  10.821000,  11.033000,  
Charge Sum,    6.3195000000, 
X Velocity[A/fs],  -0.203474,   0.193772,  -0.609834,   0.598628,  
Y Velocity[A/fs],  -0.003742,   0.005823,  -0.019366,   0.074648, 
Z Velocity[A/fs],   0.000182,   0.001558,  -0.005596,   0.016325,  
Speed[A/fs],   0.203509,   0.193866,   0.610167,   0.603486,  
 
r_seed=129,   C[0],   C[1],   H[2],   H[3],  
Charges,    2.0653000000,    2.2552000000,    0.9991000000,    0.9999000000,  
Time[fs],  34.674000,  35.778000,  10.823000,  10.886000,  
Charge Sum,    6.3195000000, 
X Velocity[A/fs],  -0.200957,   0.195211,  -0.609990,   0.603526,  
Y Velocity[A/fs],  -0.000230,  -0.002790,   0.026653,   0.043652, 
Z Velocity[A/fs],  -0.010935,   0.004598,   0.029316,   0.032136,  
Speed[A/fs],   0.201254,   0.195285,   0.611276,   0.605955,  
 
r_seed=130,   C[0],   C[1],   H[2],   H[3],  
Charges,    2.0653000000,    2.2552000000,    0.9991000000,    0.9999000000,  
Time[fs],  34.496000,  36.109000,  10.950000,  10.842000,  
Charge Sum,    6.3195000000, 
X Velocity[A/fs],  -0.202939,   0.194843,  -0.610457,   0.599078,  
Y Velocity[A/fs],   0.002376,  -0.004020,   0.043894,  -0.009205, 
Z Velocity[A/fs],   0.005005,  -0.000499,  -0.015148,   0.001282,  
Speed[A/fs],   0.203014,   0.194885,   0.612220,   0.599150,  
 
r_seed=131,   C[0],   C[1],   H[2],   H[3],  
Charges,    2.0653000000,    2.2552000000,    0.9991000000,    0.9999000000,  
Time[fs],  35.811000,  34.647000,  10.984000,  10.723000,  
Charge Sum,    6.3195000000, 
X Velocity[A/fs],  -0.194882,   0.201423,  -0.606806,   0.607481,  
Y Velocity[A/fs],  -0.003293,   0.005281,   0.009443,  -0.035823, 
Z Velocity[A/fs],   0.001799,  -0.003150,  -0.029523,   0.041260,  
Speed[A/fs],   0.194918,   0.201516,   0.607597,   0.609933,  
 
r_seed=132,   C[0],   C[1],   H[2],   H[3],  
Charges,    2.0653000000,    2.2552000000,    0.9991000000,    0.9999000000,  
Time[fs],  35.026000,  35.491000,  10.928000,  10.860000,  
Charge Sum,    6.3195000000, 
X Velocity[A/fs],  -0.199269,   0.196936,  -0.607675,   0.605572,  
Y Velocity[A/fs],   0.005228,   0.002918,  -0.038782,  -0.017423, 
Z Velocity[A/fs],  -0.006354,   0.002516,  -0.055481,   0.027705,  
Speed[A/fs],   0.199439,   0.196973,   0.611434,   0.606456,  
 
r_seed=133,   C[0],   C[1],   H[2],   H[3],  
Charges,    2.0653000000,    2.2552000000,    0.9991000000,    0.9999000000,  
Time[fs],  34.649000,  35.798000,  10.848000,  10.820000,  
Charge Sum,    6.3195000000, 
X Velocity[A/fs],  -0.201673,   0.195796,  -0.608228,   0.601519,  
Y Velocity[A/fs],  -0.008970,  -0.001426,  -0.046759,   0.023589, 
Z Velocity[A/fs],   0.005924,  -0.000604,  -0.007357,  -0.003708,  
Speed[A/fs],   0.201959,   0.195802,   0.610067,   0.601993,  
 
r_seed=134,   C[0],   C[1],   H[2],   H[3],  
Charges,    2.0653000000,    2.2552000000,    0.9991000000,    0.9999000000,  
Time[fs],  34.956000,  35.689000,  10.945000,  10.920000,  
Charge Sum,    6.3195000000, 
X Velocity[A/fs],  -0.199629,   0.195941,  -0.611353,   0.605852,  
Y Velocity[A/fs],  -0.006419,   0.000809,  -0.034091,  -0.013345, 
Z Velocity[A/fs],  -0.004248,   0.002602,   0.035011,  -0.031934,  
Speed[A/fs],   0.199778,   0.195960,   0.613303,   0.606839,  
 
r_seed=135,   C[0],   C[1],   H[2],   H[3],  
Charges,    2.0653000000,    2.2552000000,    0.9991000000,    0.9999000000,  
Time[fs],  34.111000,  36.600000,  10.804000,  11.000000,  
Charge Sum,    6.3195000000, 
X Velocity[A/fs],  -0.204884,   0.191824,  -0.612072,   0.599215,  
Y Velocity[A/fs],  -0.005576,   0.008302,  -0.013754,   0.005639, 
Z Velocity[A/fs],  -0.013211,   0.003987,  -0.017405,   0.028080,  
Speed[A/fs],   0.205385,   0.192045,   0.612473,   0.599899,  
 
r_seed=136,   C[0],   C[1],   H[2],   H[3],  
Charges,    2.0653000000,    2.2552000000,    0.9991000000,    0.9999000000,  
Time[fs],  35.407000,  35.213000,  11.011000,  10.789000,  
Charge Sum,    6.3195000000, 
X Velocity[A/fs],  -0.197229,   0.198722,  -0.611041,   0.605520,  
Y Velocity[A/fs],  -0.005763,   0.005435,  -0.016297,  -0.026017, 
Z Velocity[A/fs],   0.006527,  -0.001690,   0.023579,  -0.021731,  
Speed[A/fs],   0.197421,   0.198803,   0.611712,   0.606469,  
 
r_seed=137,   C[0],   C[1],   H[2],   H[3],  
Charges,    2.0653000000,    2.2552000000,    0.9991000000,    0.9999000000,  
Time[fs],  35.363000,  35.015000,  10.864000,  10.816000,  
Charge Sum,    6.3195000000, 
X Velocity[A/fs],  -0.197078,   0.198922,  -0.606671,   0.609009,  
Y Velocity[A/fs],  -0.000082,  -0.001750,  -0.019413,   0.038870, 
Z Velocity[A/fs],  -0.001766,  -0.000105,  -0.045937,   0.013747,  
Speed[A/fs],   0.197086,   0.198930,   0.608718,   0.610403,  
 
r_seed=138,   C[0],   C[1],   H[2],   H[3],  
Charges,    2.0653000000,    2.2552000000,    0.9991000000,    0.9999000000,  
Time[fs],  34.697000,  35.954000,  10.861000,  10.930000,  
Charge Sum,    6.3195000000, 
X Velocity[A/fs],  -0.201495,   0.194956,  -0.608310,   0.601338,  
Y Velocity[A/fs],  -0.004954,   0.018779,  -0.009611,  -0.030796, 
Z Velocity[A/fs],  -0.015012,   0.007900,   0.030685,  -0.013712,  
Speed[A/fs],   0.202114,   0.196018,   0.609160,   0.602282,  
 
r_seed=139,   C[0],   C[1],   H[2],   H[3],  
Charges,    2.0653000000,    2.2552000000,    0.9991000000,    0.9999000000,  
Time[fs],  34.584000,  35.789000,  10.822000,  10.819000,  
Charge Sum,    6.3195000000, 
X Velocity[A/fs],  -0.201422,   0.195171,  -0.609577,   0.603799,  
Y Velocity[A/fs],   0.002066,   0.002351,   0.007831,  -0.008095, 
Z Velocity[A/fs],   0.000822,  -0.000876,   0.056905,  -0.023223,  
Speed[A/fs],   0.201434,   0.195187,   0.612278,   0.604300,  
 
r_seed=140,   C[0],   C[1],   H[2],   H[3],  
Charges,    2.0653000000,    2.2552000000,    0.9991000000,    0.9999000000,  
Time[fs],  34.755000,  35.846000,  10.942000,  10.819000,  
Charge Sum,    6.3195000000, 
X Velocity[A/fs],  -0.200951,   0.195650,  -0.612255,   0.601790,  
Y Velocity[A/fs],   0.008791,  -0.005486,   0.020708,   0.018038, 
Z Velocity[A/fs],  -0.005619,   0.000963,  -0.021327,  -0.007278,  
Speed[A/fs],   0.201221,   0.195729,   0.612976,   0.602104,  
 
r_seed=141,   C[0],   C[1],   H[2],   H[3],  
Charges,    2.0653000000,    2.2552000000,    0.9991000000,    0.9999000000,  
Time[fs],  34.642000,  36.230000,  10.972000,  11.020000,  
Charge Sum,    6.3195000000, 
X Velocity[A/fs],  -0.202289,   0.194106,  -0.611033,   0.601538,  
Y Velocity[A/fs],   0.002312,  -0.002433,   0.027242,  -0.002516, 
Z Velocity[A/fs],   0.017736,  -0.008201,  -0.019608,   0.008566,  
Speed[A/fs],   0.203078,   0.194295,   0.611954,   0.601605,  
 
r_seed=142,   C[0],   C[1],   H[2],   H[3],  
Charges,    2.0653000000,    2.2552000000,    0.9991000000,    0.9999000000,  
Time[fs],  34.504000,  36.130000,  10.904000,  10.938000,  
Charge Sum,    6.3195000000, 
X Velocity[A/fs],  -0.202719,   0.194184,  -0.606980,   0.601066,  
Y Velocity[A/fs],  -0.013432,   0.011639,   0.067727,   0.015528, 
Z Velocity[A/fs],   0.003584,  -0.001055,  -0.023433,  -0.025932,  
Speed[A/fs],   0.203195,   0.194535,   0.611196,   0.601826,  
 
r_seed=143,   C[0],   C[1],   H[2],   H[3],  
Charges,    2.0653000000,    2.2552000000,    0.9991000000,    0.9999000000,  
Time[fs],  34.802000,  35.677000,  10.839000,  10.843000,  
Charge Sum,    6.3195000000, 
X Velocity[A/fs],  -0.200651,   0.196195,  -0.608371,   0.602252,  
Y Velocity[A/fs],  -0.011446,   0.007082,  -0.033701,  -0.024586, 
Z Velocity[A/fs],  -0.009890,   0.000270,   0.007470,   0.036796,  
Speed[A/fs],   0.201220,   0.196323,   0.609349,   0.603876,  
 
r_seed=144,   C[0],   C[1],   H[2],   H[3],  
Charges,    2.0653000000,    2.2552000000,    0.9991000000,    0.9999000000,  
Time[fs],  35.174000,  35.490000,  10.920000,  10.922000,  
Charge Sum,    6.3195000000, 
X Velocity[A/fs],  -0.198274,   0.196656,  -0.611210,   0.609320,  
Y Velocity[A/fs],  -0.007452,   0.000197,  -0.024748,   0.015423, 
Z Velocity[A/fs],   0.008777,  -0.004589,   0.011663,  -0.007617,  
Speed[A/fs],   0.198608,   0.196709,   0.611822,   0.609563,  
 
r_seed=145,   C[0],   C[1],   H[2],   H[3],  
Charges,    2.0653000000,    2.2552000000,    0.9991000000,    0.9999000000,  
Time[fs],  34.340000,  36.221000,  10.814000,  10.976000,  
Charge Sum,    6.3195000000, 
X Velocity[A/fs],  -0.203592,   0.193656,  -0.608971,   0.599621,  
Y Velocity[A/fs],   0.002926,  -0.009320,  -0.038467,  -0.017150, 
Z Velocity[A/fs],   0.003525,  -0.004076,  -0.029661,   0.052403,  
Speed[A/fs],   0.203644,   0.193923,   0.610906,   0.602151,  
 
r_seed=146,   C[0],   C[1],   H[2],   H[3],  
Charges,    2.0653000000,    2.2552000000,    0.9991000000,    0.9999000000,  
Time[fs],  35.348000,  35.141000,  10.976000,  10.730000,  
Charge Sum,    6.3195000000, 
X Velocity[A/fs],  -0.197753,   0.199233,  -0.606203,   0.604682,  
Y Velocity[A/fs],  -0.004372,   0.010103,  -0.006593,   0.003311, 
Z Velocity[A/fs],  -0.011952,  -0.000754,   0.044913,   0.026186,  
Speed[A/fs],   0.198162,   0.199491,   0.607900,   0.605257,  
 
r_seed=147,   C[0],   C[1],   H[2],   H[3],  
Charges,    2.0653000000,    2.2552000000,    0.9991000000,    0.9999000000,  
Time[fs],  34.196000,  36.539000,  10.803000,  11.055000,  
Charge Sum,    6.3195000000, 
X Velocity[A/fs],  -0.204267,   0.191756,  -0.610293,   0.602558,  
Y Velocity[A/fs],   0.003466,   0.000059,  -0.011320,  -0.021452, 
Z Velocity[A/fs],   0.015413,  -0.008999,  -0.045972,  -0.020194,  
Speed[A/fs],   0.204877,   0.191967,   0.612127,   0.603278,  
 
r_seed=148,   C[0],   C[1],   H[2],   H[3],  
Charges,    2.0653000000,    2.2552000000,    0.9991000000,    0.9999000000,  
Time[fs],  35.175000,  35.551000,  10.998000,  10.924000,  
Charge Sum,    6.3195000000, 
X Velocity[A/fs],  -0.198611,   0.197014,  -0.612855,   0.603800,  
Y Velocity[A/fs],   0.005965,  -0.006866,  -0.008111,   0.003515, 
Z Velocity[A/fs],   0.002210,  -0.007085,   0.006698,   0.058768,  
Speed[A/fs],   0.198713,   0.197261,   0.612945,   0.606664,  
 
r_seed=149,   C[0],   C[1],   H[2],   H[3],  
Charges,    2.0653000000,    2.2552000000,    0.9991000000,    0.9999000000,  
Time[fs],  34.444000,  36.212000,  10.920000,  10.946000,  
Charge Sum,    6.3195000000, 
X Velocity[A/fs],  -0.202779,   0.193550,  -0.609486,   0.602270,  
Y Velocity[A/fs],   0.005075,  -0.002307,   0.017717,  -0.006878, 
Z Velocity[A/fs],  -0.012681,   0.004568,   0.069426,  -0.009519,  
Speed[A/fs],   0.203238,   0.193618,   0.613683,   0.602384,  
 
r_seed=150,   C[0],   C[1],   H[2],   H[3],  
Charges,    2.0653000000,    2.2552000000,    0.9991000000,    0.9999000000,  
Time[fs],  34.746000,  36.021000,  10.913000,  11.003000,  
Charge Sum,    6.3195000000, 
X Velocity[A/fs],  -0.201181,   0.194550,  -0.611501,   0.604073,  
Y Velocity[A/fs],   0.013282,   0.000195,  -0.003394,  -0.012579, 
Z Velocity[A/fs],   0.010847,  -0.004516,  -0.012301,  -0.035404,  
Speed[A/fs],   0.201910,   0.194602,   0.611634,   0.605240,  
 
r_seed=151,   C[0],   C[1],   H[2],   H[3],  
Charges,    2.0653000000,    2.2552000000,    0.9991000000,    0.9999000000,  
Time[fs],  35.387000,  35.111000,  10.859000,  10.944000,  
Charge Sum,    6.3195000000, 
X Velocity[A/fs],  -0.197468,   0.198855,  -0.605855,   0.606029,  
Y Velocity[A/fs],  -0.007979,  -0.004517,   0.021690,   0.058172, 
Z Velocity[A/fs],   0.001919,  -0.008868,   0.011859,   0.049385,  
Speed[A/fs],   0.197639,   0.199104,   0.606359,   0.610814,  
 
r_seed=152,   C[0],   C[1],   H[2],   H[3],  
Charges,    2.0653000000,    2.2552000000,    0.9991000000,    0.9999000000,  
Time[fs],  34.687000,  36.027000,  10.970000,  10.924000,  
Charge Sum,    6.3195000000, 
X Velocity[A/fs],  -0.201617,   0.194865,  -0.611906,   0.602041,  
Y Velocity[A/fs],  -0.007316,  -0.000848,   0.030781,  -0.012298, 
Z Velocity[A/fs],  -0.007437,   0.001538,  -0.035192,  -0.004305,  
Speed[A/fs],   0.201887,   0.194873,   0.613690,   0.602182,  
 
r_seed=153,   C[0],   C[1],   H[2],   H[3],  
Charges,    2.0653000000,    2.2552000000,    0.9991000000,    0.9999000000,  
Time[fs],  35.323000,  35.069000,  10.890000,  10.730000,  
Charge Sum,    6.3195000000, 
X Velocity[A/fs],  -0.197729,   0.199292,  -0.604782,   0.605088,  
Y Velocity[A/fs],  -0.011221,   0.006668,   0.045512,   0.019605, 
Z Velocity[A/fs],   0.007495,  -0.004777,   0.007239,  -0.039520,  
Speed[A/fs],   0.198189,   0.199461,   0.606535,   0.606694,  
 
r_seed=154,   C[0],   C[1],   H[2],   H[3],  
Charges,    2.0653000000,    2.2552000000,    0.9991000000,    0.9999000000,  
Time[fs],  34.174000,  36.602000,  10.876000,  11.021000,  
Charge Sum,    6.3195000000, 
X Velocity[A/fs],  -0.204109,   0.191484,  -0.615678,   0.602374,  
Y Velocity[A/fs],  -0.004282,   0.002288,   0.025220,   0.004904, 
Z Velocity[A/fs],   0.001679,  -0.001479,  -0.025893,  -0.011824,  
Speed[A/fs],   0.204161,   0.191504,   0.616738,   0.602510,  
 
r_seed=155,   C[0],   C[1],   H[2],   H[3],  
Charges,    2.0653000000,    2.2552000000,    0.9991000000,    0.9999000000,  
Time[fs],  34.584000,  35.934000,  10.803000,  10.922000,  
Charge Sum,    6.3195000000, 
X Velocity[A/fs],  -0.201884,   0.194727,  -0.609052,   0.603189,  
Y Velocity[A/fs],   0.003175,  -0.008515,  -0.035794,   0.023377, 
Z Velocity[A/fs],  -0.013426,   0.000003,  -0.000573,  -0.017926,  
Speed[A/fs],   0.202355,   0.194913,   0.610103,   0.603908,  
 
r_seed=156,   C[0],   C[1],   H[2],   H[3],  
Charges,    2.0653000000,    2.2552000000,    0.9991000000,    0.9999000000,  
Time[fs],  35.153000,  35.311000,  10.788000,  10.959000,  
Charge Sum,    6.3195000000, 
X Velocity[A/fs],  -0.198889,   0.197810,  -0.605232,   0.606153,  
Y Velocity[A/fs],   0.002567,  -0.008116,   0.021924,   0.060647, 
Z Velocity[A/fs],   0.003922,   0.003027,   0.034657,  -0.018890,  
Speed[A/fs],   0.198944,   0.198000,   0.606619,   0.609472,  
 
r_seed=157,   C[0],   C[1],   H[2],   H[3],  
Charges,    2.0653000000,    2.2552000000,    0.9991000000,    0.9999000000,  
Time[fs],  33.994000,  36.654000,  10.772000,  11.031000,  
Charge Sum,    6.3195000000, 
X Velocity[A/fs],  -0.205261,   0.191089,  -0.611646,   0.601938,  
Y Velocity[A/fs],   0.003459,   0.003839,  -0.048150,   0.007148, 
Z Velocity[A/fs],   0.002042,  -0.006995,  -0.020335,   0.007290,  
Speed[A/fs],   0.205300,   0.191256,   0.613876,   0.602025,  
 
r_seed=158,   C[0],   C[1],   H[2],   H[3],  
Charges,    2.0653000000,    2.2552000000,    0.9991000000,    0.9999000000,  
Time[fs],  35.367000,  35.282000,  10.971000,  10.881000,  
Charge Sum,    6.3195000000, 
X Velocity[A/fs],  -0.197569,   0.198200,  -0.609342,   0.607313,  
Y Velocity[A/fs],   0.006774,  -0.001925,  -0.010505,  -0.022666, 
Z Velocity[A/fs],  -0.012083,  -0.002697,   0.012888,  -0.027739,  
Speed[A/fs],   0.198054,   0.198228,   0.609569,   0.608369,  
 
r_seed=159,   C[0],   C[1],   H[2],   H[3],  
Charges,    2.0653000000,    2.2552000000,    0.9991000000,    0.9999000000,  
Time[fs],  34.232000,  36.342000,  10.801000,  10.941000,  
Charge Sum,    6.3195000000, 
X Velocity[A/fs],  -0.204049,   0.192940,  -0.609067,   0.599222,  
Y Velocity[A/fs],   0.011626,  -0.010055,  -0.008206,   0.003348, 
Z Velocity[A/fs],   0.007852,  -0.006997,  -0.051984,   0.041796,  
Speed[A/fs],   0.204530,   0.193329,   0.611336,   0.600687,  
 
r_seed=160,   C[0],   C[1],   H[2],   H[3],  
Charges,    2.0653000000,    2.2552000000,    0.9991000000,    0.9999000000,  
Time[fs],  35.572000,  34.736000,  10.908000,  10.663000,  
Charge Sum,    6.3195000000, 
X Velocity[A/fs],  -0.196148,   0.200840,  -0.604665,   0.608041,  
Y Velocity[A/fs],  -0.001621,  -0.004891,  -0.002562,  -0.000535, 
Z Velocity[A/fs],   0.002986,   0.004274,  -0.047331,  -0.012862,  
Speed[A/fs],   0.196177,   0.200945,   0.606520,   0.608177,  
 
r_seed=161,   C[0],   C[1],   H[2],   H[3],  
Charges,    2.0653000000,    2.2552000000,    0.9991000000,    0.9999000000,  
Time[fs],  34.906000,  35.973000,  10.937000,  11.058000,  
Charge Sum,    6.3195000000, 
X Velocity[A/fs],  -0.200682,   0.195069,  -0.609964,   0.604774,  
Y Velocity[A/fs],  -0.006115,   0.001770,  -0.006018,  -0.031861, 
Z Velocity[A/fs],  -0.016496,   0.010251,  -0.003344,  -0.022514,  
Speed[A/fs],   0.201451,   0.195346,   0.610003,   0.606031,  
 
r_seed=162,   C[0],   C[1],   H[2],   H[3],  
Charges,    2.0653000000,    2.2552000000,    0.9991000000,    0.9999000000,  
Time[fs],  34.819000,  35.859000,  10.947000,  10.919000,  
Charge Sum,    6.3195000000, 
X Velocity[A/fs],  -0.200504,   0.195357,  -0.612521,   0.602349,  
Y Velocity[A/fs],  -0.007461,  -0.002565,   0.014470,   0.047909, 
Z Velocity[A/fs],   0.008553,  -0.010432,  -0.024107,   0.013144,  
Speed[A/fs],   0.200825,   0.195652,   0.613166,   0.604394,  
 
r_seed=163,   C[0],   C[1],   H[2],   H[3],  
Charges,    2.0653000000,    2.2552000000,    0.9991000000,    0.9999000000,  
Time[fs],  35.175000,  35.161000,  10.857000,  10.712000,  
Charge Sum,    6.3195000000, 
X Velocity[A/fs],  -0.198337,   0.198646,  -0.606765,   0.605687,  
Y Velocity[A/fs],   0.001263,  -0.011440,   0.029152,  -0.017485, 
Z Velocity[A/fs],  -0.002064,  -0.002005,   0.014675,  -0.016841,  
Speed[A/fs],   0.198352,   0.198986,   0.607643,   0.606174,  
 
r_seed=164,   C[0],   C[1],   H[2],   H[3],  
Charges,    2.0653000000,    2.2552000000,    0.9991000000,    0.9999000000,  
Time[fs],  34.256000,  36.158000,  10.773000,  10.815000,  
Charge Sum,    6.3195000000, 
X Velocity[A/fs],  -0.203735,   0.193871,  -0.610643,   0.599912,  
Y Velocity[A/fs],  -0.002376,   0.006925,  -0.009338,  -0.014745, 
Z Velocity[A/fs],   0.004224,   0.004711,   0.018459,   0.008631,  
Speed[A/fs],   0.203793,   0.194052,   0.610994,   0.600156,  
 
r_seed=165,   C[0],   C[1],   H[2],   H[3],  
Charges,    2.0653000000,    2.2552000000,    0.9991000000,    0.9999000000,  
Time[fs],  34.890000,  35.597000,  10.846000,  10.875000,  
Charge Sum,    6.3195000000, 
X Velocity[A/fs],  -0.200134,   0.196347,  -0.605796,   0.604697,  
Y Velocity[A/fs],  -0.001580,   0.000715,   0.065930,  -0.025361, 
Z Velocity[A/fs],   0.008419,  -0.015823,  -0.006404,   0.012053,  
Speed[A/fs],   0.200317,   0.196985,   0.609407,   0.605348,  
 
r_seed=166,   C[0],   C[1],   H[2],   H[3],  
Charges,    2.0653000000,    2.2552000000,    0.9991000000,    0.9999000000,  
Time[fs],  34.917000,  35.782000,  11.036000,  10.890000,  
Charge Sum,    6.3195000000, 
X Velocity[A/fs],  -0.200727,   0.196564,  -0.609567,   0.601122,  
Y Velocity[A/fs],   0.003577,  -0.004986,  -0.023353,   0.015279, 
Z Velocity[A/fs],  -0.002557,  -0.004628,   0.048495,  -0.023236,  
Speed[A/fs],   0.200775,   0.196682,   0.611939,   0.601764,  
 
r_seed=167,   C[0],   C[1],   H[2],   H[3],  
Charges,    2.0653000000,    2.2552000000,    0.9991000000,    0.9999000000,  
Time[fs],  34.655000,  36.076000,  10.827000,  11.017000,  
Charge Sum,    6.3195000000, 
X Velocity[A/fs],  -0.201592,   0.193950,  -0.608732,   0.604550,  
Y Velocity[A/fs],   0.002425,   0.008467,  -0.026042,  -0.028077, 
Z Velocity[A/fs],   0.017469,  -0.015611,  -0.025658,   0.014203,  
Speed[A/fs],   0.202362,   0.194762,   0.609829,   0.605369,  
 
r_seed=168,   C[0],   C[1],   H[2],   H[3],  
Charges,    2.0653000000,    2.2552000000,    0.9991000000,    0.9999000000,  
Time[fs],  35.840000,  34.724000,  10.978000,  10.800000,  
Charge Sum,    6.3195000000, 
X Velocity[A/fs],  -0.194691,   0.200658,  -0.606578,   0.611942,  
Y Velocity[A/fs],   0.009587,   0.001668,  -0.034852,   0.003243, 
Z Velocity[A/fs],   0.003704,  -0.007263,   0.016576,   0.000770,  
Speed[A/fs],   0.194962,   0.200796,   0.607804,   0.611951,  
 
r_seed=169,   C[0],   C[1],   H[2],   H[3],  
Charges,    2.0653000000,    2.2552000000,    0.9991000000,    0.9999000000,  
Time[fs],  33.853000,  36.855000,  10.726000,  11.111000,  
Charge Sum,    6.3195000000, 
X Velocity[A/fs],  -0.206471,   0.190438,  -0.612212,   0.599426,  
Y Velocity[A/fs],  -0.000559,  -0.004971,   0.007663,   0.038016, 
Z Velocity[A/fs],  -0.001053,  -0.005471,  -0.020190,   0.021953,  
Speed[A/fs],   0.206474,   0.190582,   0.612593,   0.601031,  
 
r_seed=170,   C[0],   C[1],   H[2],   H[3],  
Charges,    2.0653000000,    2.2552000000,    0.9991000000,    0.9999000000,  
Time[fs],  34.918000,  35.861000,  10.883000,  10.995000,  
Charge Sum,    6.3195000000, 
X Velocity[A/fs],  -0.199958,   0.194935,  -0.610670,   0.607499,  
Y Velocity[A/fs],  -0.004935,  -0.003594,  -0.001791,   0.003369, 
Z Velocity[A/fs],   0.017526,  -0.012401,  -0.008063,   0.017604,  
Speed[A/fs],   0.200785,   0.195362,   0.610726,   0.607763,  
 
r_seed=171,   C[0],   C[1],   H[2],   H[3],  
Charges,    2.0653000000,    2.2552000000,    0.9991000000,    0.9999000000,  
Time[fs],  34.458000,  36.275000,  10.807000,  10.986000,  
Charge Sum,    6.3195000000, 
X Velocity[A/fs],  -0.203066,   0.193424,  -0.608777,   0.601216,  
Y Velocity[A/fs],  -0.013111,   0.012561,   0.003930,   0.013767, 
Z Velocity[A/fs],   0.006400,  -0.015811,   0.024110,  -0.010586,  
Speed[A/fs],   0.203590,   0.194475,   0.609267,   0.601467,  
 
r_seed=172,   C[0],   C[1],   H[2],   H[3],  
Charges,    2.0653000000,    2.2552000000,    0.9991000000,    0.9999000000,  
Time[fs],  34.917000,  35.631000,  10.934000,  10.850000,  
Charge Sum,    6.3195000000, 
X Velocity[A/fs],  -0.199783,   0.196389,  -0.611594,   0.602649,  
Y Velocity[A/fs],  -0.008072,   0.005074,   0.014924,  -0.017279, 
Z Velocity[A/fs],  -0.001040,  -0.005332,  -0.030942,   0.051272,  
Speed[A/fs],   0.199949,   0.196527,   0.612558,   0.605072,  
 
r_seed=173,   C[0],   C[1],   H[2],   H[3],  
Charges,    2.0653000000,    2.2552000000,    0.9991000000,    0.9999000000,  
Time[fs],  34.360000,  36.423000,  10.839000,  11.075000,  
Charge Sum,    6.3195000000, 
X Velocity[A/fs],  -0.203843,   0.192911,  -0.609434,   0.599626,  
Y Velocity[A/fs],   0.000052,  -0.008274,   0.028694,   0.045557, 
Z Velocity[A/fs],   0.013172,  -0.013757,   0.018962,   0.011872,  
Speed[A/fs],   0.204268,   0.193578,   0.610403,   0.601471,  
 
r_seed=174,   C[0],   C[1],   H[2],   H[3],  
Charges,    2.0653000000,    2.2552000000,    0.9991000000,    0.9999000000,  
Time[fs],  34.087000,  36.457000,  10.705000,  11.032000,  
Charge Sum,    6.3195000000, 
X Velocity[A/fs],  -0.204651,   0.191933,  -0.611131,   0.601145,  
Y Velocity[A/fs],   0.004049,  -0.008028,  -0.024180,   0.051510, 
Z Velocity[A/fs],   0.000231,   0.003204,  -0.021944,   0.007012,  
Speed[A/fs],   0.204691,   0.192128,   0.612002,   0.603389,  
 
r_seed=175,   C[0],   C[1],   H[2],   H[3],  
Charges,    2.0653000000,    2.2552000000,    0.9991000000,    0.9999000000,  
Time[fs],  35.238000,  35.167000,  10.819000,  10.816000,  
Charge Sum,    6.3195000000, 
X Velocity[A/fs],  -0.197807,   0.198155,  -0.607283,   0.608372,  
Y Velocity[A/fs],   0.003345,   0.001165,   0.029478,   0.027210, 
Z Velocity[A/fs],  -0.008290,   0.010889,   0.004975,   0.012804,  
Speed[A/fs],   0.198009,   0.198457,   0.608018,   0.609115,  
 
r_seed=176,   C[0],   C[1],   H[2],   H[3],  
Charges,    2.0653000000,    2.2552000000,    0.9991000000,    0.9999000000,  
Time[fs],  35.163000,  35.477000,  10.993000,  10.886000,  
Charge Sum,    6.3195000000, 
X Velocity[A/fs],  -0.199095,   0.197676,  -0.607936,   0.604185,  
Y Velocity[A/fs],   0.001630,  -0.000838,   0.046918,  -0.025799, 
Z Velocity[A/fs],   0.003515,   0.010636,   0.024419,  -0.006608,  
Speed[A/fs],   0.199133,   0.197964,   0.610233,   0.604772,  
 
r_seed=177,   C[0],   C[1],   H[2],   H[3],  
Charges,    2.0653000000,    2.2552000000,    0.9991000000,    0.9999000000,  
Time[fs],  34.566000,  36.149000,  10.805000,  11.037000,  
Charge Sum,    6.3195000000, 
X Velocity[A/fs],  -0.201929,   0.193391,  -0.609912,   0.605660,  
Y Velocity[A/fs],   0.013502,  -0.013850,  -0.031234,   0.027728, 
Z Velocity[A/fs],  -0.003741,   0.008593,   0.015050,  -0.016712,  
Speed[A/fs],   0.202415,   0.194077,   0.610897,   0.606525,  
 
r_seed=178,   C[0],   C[1],   H[2],   H[3],  
Charges,    2.0653000000,    2.2552000000,    0.9991000000,    0.9999000000,  
Time[fs],  35.537000,  34.942000,  10.908000,  10.806000,  
Charge Sum,    6.3195000000, 
X Velocity[A/fs],  -0.196352,   0.199619,  -0.606386,   0.607669,  
Y Velocity[A/fs],  -0.009037,   0.007480,   0.004503,   0.030473, 
Z Velocity[A/fs],   0.006434,  -0.004492,  -0.031545,  -0.047011,  
Speed[A/fs],   0.196666,   0.199810,   0.607222,   0.610247,  
 
r_seed=179,   C[0],   C[1],   H[2],   H[3],  
Charges,    2.0653000000,    2.2552000000,    0.9991000000,    0.9999000000,  
Time[fs],  34.384000,  35.995000,  10.786000,  10.831000,  
Charge Sum,    6.3195000000, 
X Velocity[A/fs],  -0.202719,   0.194260,  -0.609177,   0.602396,  
Y Velocity[A/fs],  -0.004341,   0.003311,  -0.021240,   0.004179, 
Z Velocity[A/fs],   0.008640,   0.002972,  -0.048945,  -0.010337,  
Speed[A/fs],   0.202949,   0.194311,   0.611509,   0.602499,  
 
r_seed=180,   C[0],   C[1],   H[2],   H[3],  
Charges,    2.0653000000,    2.2552000000,    0.9991000000,    0.9999000000,  
Time[fs],  35.177000,  35.410000,  10.875000,  10.925000,  
Charge Sum,    6.3195000000, 
X Velocity[A/fs],  -0.198343,   0.197069,  -0.609098,   0.608552,  
Y Velocity[A/fs],  -0.004116,   0.000560,  -0.022037,  -0.030727, 
Z Velocity[A/fs],  -0.005541,   0.009671,   0.007942,   0.034550,  
Speed[A/fs],   0.198463,   0.197307,   0.609548,   0.610306,  
 
r_seed=181,   C[0],   C[1],   H[2],   H[3],  
Charges,    2.0653000000,    2.2552000000,    0.9991000000,    0.9999000000,  
Time[fs],  34.538000,  36.061000,  10.839000,  10.975000,  
Charge Sum,    6.3195000000, 
X Velocity[A/fs],  -0.202662,   0.194465,  -0.606075,   0.602424,  
Y Velocity[A/fs],  -0.001608,  -0.012324,  -0.000557,   0.006167, 
Z Velocity[A/fs],  -0.011475,   0.006642,   0.061868,   0.013097,  
Speed[A/fs],   0.202993,   0.194969,   0.609224,   0.602598,  
 
r_seed=182,   C[0],   C[1],   H[2],   H[3],  
Charges,    2.0653000000,    2.2552000000,    0.9991000000,    0.9999000000,  
Time[fs],  35.171000,  35.353000,  10.919000,  10.817000,  
Charge Sum,    6.3195000000, 
X Velocity[A/fs],  -0.198211,   0.197519,  -0.610645,   0.606291,  
Y Velocity[A/fs],  -0.004472,   0.010995,  -0.001963,   0.011842, 
Z Velocity[A/fs],   0.005353,   0.007253,  -0.014799,  -0.028015,  
Speed[A/fs],   0.198334,   0.197958,   0.610827,   0.607054,  
 
r_seed=183,   C[0],   C[1],   H[2],   H[3],  
Charges,    2.0653000000,    2.2552000000,    0.9991000000,    0.9999000000,  
Time[fs],  34.083000,  36.628000,  10.764000,  11.038000,  
Charge Sum,    6.3195000000, 
X Velocity[A/fs],  -0.205437,   0.191891,  -0.609727,   0.598666,  
Y Velocity[A/fs],   0.000735,  -0.001141,   0.005357,   0.022820, 
Z Velocity[A/fs],  -0.009217,   0.017449,   0.020576,   0.000473,  
Speed[A/fs],   0.205645,   0.192686,   0.610098,   0.599101,  
 
r_seed=184,   C[0],   C[1],   H[2],   H[3],  
Charges,    2.0653000000,    2.2552000000,    0.9991000000,    0.9999000000,  
Time[fs],  34.456000,  36.180000,  10.835000,  10.972000,  
Charge Sum,    6.3195000000, 
X Velocity[A/fs],  -0.202251,   0.193295,  -0.613417,   0.602595,  
Y Velocity[A/fs],   0.005227,  -0.008395,   0.015982,   0.049859, 
Z Velocity[A/fs],  -0.007120,   0.008533,  -0.013531,   0.002052,  
Speed[A/fs],   0.202444,   0.193665,   0.613775,   0.604658,  
 
r_seed=185,   C[0],   C[1],   H[2],   H[3],  
Charges,    2.0653000000,    2.2552000000,    0.9991000000,    0.9999000000,  
Time[fs],  34.371000,  36.166000,  10.793000,  10.972000,  
Charge Sum,    6.3195000000, 
X Velocity[A/fs],  -0.203400,   0.194002,  -0.609899,   0.598151,  
Y Velocity[A/fs],  -0.001293,   0.011671,   0.007743,  -0.031857, 
Z Velocity[A/fs],   0.002196,   0.011617,  -0.000548,  -0.051090,  
Speed[A/fs],   0.203416,   0.194700,   0.609948,   0.601173,  
 
r_seed=186,   C[0],   C[1],   H[2],   H[3],  
Charges,    2.0653000000,    2.2552000000,    0.9991000000,    0.9999000000,  
Time[fs],  35.093000,  35.533000,  10.991000,  10.839000,  
Charge Sum,    6.3195000000, 
X Velocity[A/fs],  -0.199267,   0.197304,  -0.609188,   0.603462,  
Y Velocity[A/fs],   0.005675,   0.004174,   0.026082,   0.008975, 
Z Velocity[A/fs],  -0.008640,   0.009843,   0.040305,  -0.023126,  
Speed[A/fs],   0.199535,   0.197593,   0.611076,   0.603971,  
 
r_seed=187,   C[0],   C[1],   H[2],   H[3],  
Charges,    2.0653000000,    2.2552000000,    0.9991000000,    0.9999000000,  
Time[fs],  34.692000,  36.059000,  10.918000,  10.996000,  
Charge Sum,    6.3195000000, 
X Velocity[A/fs],  -0.201360,   0.194240,  -0.612181,   0.605157,  
Y Velocity[A/fs],   0.011213,   0.004797,  -0.018015,  -0.010476, 
Z Velocity[A/fs],   0.008404,  -0.004069,  -0.019993,   0.003625,  
Speed[A/fs],   0.201847,   0.194342,   0.612773,   0.605259,  
 
r_seed=188,   C[0],   C[1],   H[2],   H[3],  
Charges,    2.0653000000,    2.2552000000,    0.9991000000,    0.9999000000,  
Time[fs],  34.604000,  35.990000,  10.935000,  10.927000,  
Charge Sum,    6.3195000000, 
X Velocity[A/fs],  -0.202194,   0.195008,  -0.607620,   0.601310,  
Y Velocity[A/fs],   0.001603,  -0.005815,  -0.069259,   0.019491, 
Z Velocity[A/fs],   0.002087,   0.003794,   0.030620,  -0.020442,  
Speed[A/fs],   0.202212,   0.195131,   0.612321,   0.601973,  
 
r_seed=189,   C[0],   C[1],   H[2],   H[3],  
Charges,    2.0653000000,    2.2552000000,    0.9991000000,    0.9999000000,  
Time[fs],  34.556000,  35.838000,  10.765000,  10.836000,  
Charge Sum,    6.3195000000, 
X Velocity[A/fs],  -0.201472,   0.194795,  -0.610801,   0.603312,  
Y Velocity[A/fs],  -0.006426,   0.010256,  -0.013282,  -0.033479, 
Z Velocity[A/fs],  -0.004975,   0.007425,  -0.018910,   0.012577,  
Speed[A/fs],   0.201636,   0.195206,   0.611238,   0.604371,  
 
r_seed=190,   C[0],   C[1],   H[2],   H[3],  
Charges,    2.0653000000,    2.2552000000,    0.9991000000,    0.9999000000,  
Time[fs],  34.216000,  36.606000,  10.926000,  11.024000,  
Charge Sum,    6.3195000000, 
X Velocity[A/fs],  -0.204575,   0.192264,  -0.614390,   0.598700,  
Y Velocity[A/fs],  -0.004763,   0.004288,  -0.023532,   0.003819, 
Z Velocity[A/fs],   0.004773,   0.002025,   0.006185,  -0.023893,  
Speed[A/fs],   0.204686,   0.192323,   0.614871,   0.599189,  
 
r_seed=191,   C[0],   C[1],   H[2],   H[3],  
Charges,    2.0653000000,    2.2552000000,    0.9991000000,    0.9999000000,  
Time[fs],  34.763000,  35.756000,  10.826000,  10.935000,  
Charge Sum,    6.3195000000, 
X Velocity[A/fs],  -0.201118,   0.195797,  -0.606960,   0.603271,  
Y Velocity[A/fs],   0.004849,  -0.009452,  -0.028912,  -0.040759, 
Z Velocity[A/fs],   0.003338,   0.005245,  -0.033853,   0.034677,  
Speed[A/fs],   0.201204,   0.196096,   0.608590,   0.605640,  
 
r_seed=192,   C[0],   C[1],   H[2],   H[3],  
Charges,    2.0653000000,    2.2552000000,    0.9991000000,    0.9999000000,  
Time[fs],  34.963000,  35.625000,  10.896000,  10.836000,  
Charge Sum,    6.3195000000, 
X Velocity[A/fs],  -0.199260,   0.196010,  -0.611652,   0.605921,  
Y Velocity[A/fs],   0.004571,  -0.007706,  -0.022066,   0.001344, 
Z Velocity[A/fs],  -0.009310,   0.014437,  -0.010383,   0.005167,  
Speed[A/fs],   0.199530,   0.196692,   0.612138,   0.605944,  
 
r_seed=193,   C[0],   C[1],   H[2],   H[3],  
Charges,    2.0653000000,    2.2552000000,    0.9991000000,    0.9999000000,  
Time[fs],  34.487000,  36.130000,  10.784000,  11.077000,  
Charge Sum,    6.3195000000, 
X Velocity[A/fs],  -0.202903,   0.193978,  -0.608147,   0.602523,  
Y Velocity[A/fs],   0.002594,   0.002706,  -0.004780,   0.018703, 
Z Velocity[A/fs],   0.001442,   0.006038,   0.042537,  -0.058806,  
Speed[A/fs],   0.202925,   0.194090,   0.609651,   0.605675,  
 
r_seed=194,   C[0],   C[1],   H[2],   H[3],  
Charges,    2.0653000000,    2.2552000000,    0.9991000000,    0.9999000000,  
Time[fs],  34.584000,  35.978000,  10.829000,  10.916000,  
Charge Sum,    6.3195000000, 
X Velocity[A/fs],  -0.201398,   0.194104,  -0.612218,   0.605274,  
Y Velocity[A/fs],   0.012667,  -0.004460,  -0.003509,  -0.004583, 
Z Velocity[A/fs],   0.000744,   0.005417,  -0.026230,   0.021242,  
Speed[A/fs],   0.201798,   0.194230,   0.612789,   0.605664,  
 
r_seed=195,   C[0],   C[1],   H[2],   H[3],  
Charges,    2.0653000000,    2.2552000000,    0.9991000000,    0.9999000000,  
Time[fs],  34.379000,  36.164000,  10.794000,  10.918000,  
Charge Sum,    6.3195000000, 
X Velocity[A/fs],  -0.203227,   0.193956,  -0.609644,   0.597850,  
Y Velocity[A/fs],   0.009540,  -0.015286,   0.010082,   0.059339, 
Z Velocity[A/fs],  -0.007968,   0.006021,   0.017480,  -0.002696,  
Speed[A/fs],   0.203607,   0.194651,   0.609978,   0.600793,  
 
r_seed=196,   C[0],   C[1],   H[2],   H[3],  
Charges,    2.0653000000,    2.2552000000,    0.9991000000,    0.9999000000,  
Time[fs],  35.159000,  35.517000,  10.963000,  10.949000,  
Charge Sum,    6.3195000000, 
X Velocity[A/fs],  -0.198956,   0.197131,  -0.608036,   0.606204,  
Y Velocity[A/fs],   0.010416,   0.001075,   0.030439,  -0.013002, 
Z Velocity[A/fs],   0.004701,   0.006667,  -0.041612,  -0.030446,  
Speed[A/fs],   0.199283,   0.197246,   0.610218,   0.607107,  
 
r_seed=197,   C[0],   C[1],   H[2],   H[3],  
Charges,    2.0653000000,    2.2552000000,    0.9991000000,    0.9999000000,  
Time[fs],  33.901000,  36.766000,  10.735000,  11.020000,  
Charge Sum,    6.3195000000, 
X Velocity[A/fs],  -0.206304,   0.191075,  -0.610662,   0.597963,  
Y Velocity[A/fs],  -0.016026,   0.006423,   0.021065,   0.019339, 
Z Velocity[A/fs],  -0.000053,   0.003024,  -0.001787,  -0.015943,  
Speed[A/fs],   0.206926,   0.191206,   0.611028,   0.598488,  
 
r_seed=198,   C[0],   C[1],   H[2],   H[3],  
Charges,    2.0653000000,    2.2552000000,    0.9991000000,    0.9999000000,  
Time[fs],  34.643000,  35.964000,  10.912000,  10.916000,  
Charge Sum,    6.3195000000, 
X Velocity[A/fs],  -0.201674,   0.194892,  -0.609037,   0.601002,  
Y Velocity[A/fs],  -0.006925,   0.000213,   0.048159,  -0.045031, 
Z Velocity[A/fs],  -0.012069,   0.010413,   0.026272,  -0.024747,  
Speed[A/fs],   0.202153,   0.195170,   0.611503,   0.603195,  
 
r_seed=199,   C[0],   C[1],   H[2],   H[3],  
Charges,    2.0653000000,    2.2552000000,    0.9991000000,    0.9999000000,  
Time[fs],  34.169000,  36.537000,  10.891000,  10.954000,  
Charge Sum,    6.3195000000, 
X Velocity[A/fs],  -0.204320,   0.192157,  -0.614821,   0.599324,  
Y Velocity[A/fs],   0.004142,   0.001576,  -0.030120,  -0.025700, 
Z Velocity[A/fs],   0.003267,  -0.004111,   0.016222,  -0.015064,  
Speed[A/fs],   0.204388,   0.192207,   0.615772,   0.600064,  
 
r_seed=200,   C[0],   C[1],   H[2],   H[3],  
Charges,    2.0653000000,    2.2552000000,    0.9991000000,    0.9999000000,  
Time[fs],  34.630000,  36.089000,  10.941000,  11.021000,  
Charge Sum,    6.3195000000, 
X Velocity[A/fs],  -0.201969,   0.194292,  -0.609263,   0.603486,  
Y Velocity[A/fs],   0.000362,   0.004542,  -0.065573,  -0.037963, 
Z Velocity[A/fs],  -0.002876,   0.003071,   0.023506,   0.012946,  
Speed[A/fs],   0.201990,   0.194369,   0.613232,   0.604817,  
 
